lock_loads,fp_uops,branch,l1_misses,l2_misses,stall_sb,branch_misp,machine_clear,instructions,cycles,loads_and_stores,cache-misses
44590.0,0.0,1367834797.0,107115103.0,63612671.0,874673994.0,103883481.0,2289557.0,8882991273.0,10838445488.0,3811191099.0,9830209.0
44980.0,0.0,1800103980.0,138471461.0,85180178.0,683748366.0,103975429.0,2171800.0,11227216015.0,10853102122.0,4778207442.0,7410421.0
45973.0,0.0,1356519827.0,115169642.0,64591553.0,805422915.0,103552045.0,2395285.0,8925747909.0,10835253211.0,3850313056.0,10223615.0
45977.0,0.0,1425223127.0,119162914.0,75409771.0,970135780.0,83555458.0,2330653.0,9009068149.0,10835832598.0,3890135242.0,14764561.0
55303.0,8.0,1510763183.0,110935542.0,59599111.0,871087743.0,114430832.0,3819248.0,9617781248.0,10860992854.0,4121508830.0,12437123.0
53668.0,8.0,1483612216.0,114694334.0,68938714.0,706747094.0,106045254.0,2671222.0,9535656319.0,10858891430.0,4095112677.0,9812742.0
52699.0,8.0,1548074202.0,131484426.0,78755899.0,717161600.0,87426839.0,2972801.0,9632546374.0,10847588749.0,4110198716.0,12055900.0
51701.0,8.0,1476813593.0,76958000.0,56090069.0,231336392.0,91049385.0,1788459.0,8156627374.0,10849781033.0,2978712600.0,11313000.0
64283.0,8.0,1800561141.0,71105939.0,45364116.0,657418453.0,63763463.0,2594117.0,12067750105.0,10851111921.0,4648540740.0,5492915.0
64028.0,8.0,1874495873.0,66618144.0,44986605.0,692252843.0,64087774.0,2743393.0,11823983780.0,10853433792.0,4727887935.0,6675264.0
52178.0,8.0,1809307397.0,105690393.0,88609909.0,539147344.0,51634604.0,3195618.0,10603033889.0,10852544946.0,3523666439.0,14826019.0
53078.0,8.0,2064076060.0,120412185.0,100018995.0,597681285.0,61115393.0,3479435.0,12352433176.0,10867700882.0,3962820468.0,13017439.0
104785.0,8.0,1942116539.0,94570091.0,73056427.0,399678569.0,73234548.0,1772440.0,11224688688.0,10861903394.0,4148877602.0,5210275.0
52979.0,8.0,1967164122.0,118427137.0,101171009.0,469701471.0,45108155.0,2320605.0,11757442929.0,10849358611.0,3698854628.0,7688490.0
52864.0,8.0,1951948709.0,119805364.0,101162122.0,500750136.0,46145276.0,3059642.0,11423065572.0,10846690082.0,3659879819.0,9613805.0
41356.0,8.0,1479019893.0,92264269.0,80506603.0,358823123.0,30142117.0,3441898.0,8380311573.0,8293350094.0,2629209919.0,10343874.0
34883.0,8.0,1484005467.0,99080341.0,87050395.0,382949571.0,32099571.0,8699920.0,9097190279.0,8618004987.0,2766735070.0,9488217.0
42163.0,0.0,1467423385.0,97254488.0,85642651.0,328438462.0,31100908.0,4923256.0,8688455888.0,8529397750.0,2642973634.0,10318242.0
49877.0,0.0,1225832890.0,53984849.0,38281696.0,280316172.0,59669978.0,1747374.0,7181083201.0,7974212865.0,2972483795.0,4757612.0
42744.0,8.0,1509324799.0,108028429.0,92515782.0,418726663.0,26569296.0,3750550.0,8330449215.0,8454742832.0,2705865439.0,13362803.0
45143.0,0.0,1636862603.0,115427141.0,99795387.0,418856877.0,27063927.0,1656823.0,9240347652.0,8357758007.0,2900206434.0,8462911.0
43708.0,0.0,1463897274.0,95890049.0,81723579.0,367718585.0,31202937.0,2346820.0,8296083277.0,8419953946.0,2744075564.0,11070722.0
43000.0,0.0,1869084805.0,89463151.0,49750434.0,782514019.0,66834368.0,3274363.0,11483043852.0,10848381945.0,4665591660.0,8732244.0
43526.0,0.0,1825884051.0,88923481.0,50351074.0,911285952.0,63333182.0,2405453.0,11614752672.0,10855615326.0,4670416236.0,8269535.0
42374.0,0.0,1978450151.0,96048711.0,54042353.0,837163483.0,75444227.0,3223357.0,12759055207.0,10861449211.0,5161088951.0,6842250.0
46224.0,0.0,1888632896.0,70708295.0,39577375.0,565526391.0,91942066.0,4279458.0,11400678467.0,10862589112.0,4505851775.0,10555721.0
42362.0,0.0,1710975376.0,60749955.0,35622114.0,254014440.0,97173449.0,2133609.0,9773393136.0,10852181115.0,3811649302.0,7789231.0
42447.0,0.0,1859177352.0,87978737.0,50616990.0,918739424.0,68645302.0,2602994.0,11297553750.0,10857119791.0,4624742200.0,9688163.0
41374.0,0.0,1853736218.0,87102447.0,51223962.0,894491029.0,64760912.0,2346867.0,11437041216.0,10856846541.0,4632656764.0,9476781.0
42357.0,0.0,1919024486.0,94171695.0,50400697.0,682965667.0,67833574.0,1506410.0,12526592503.0,10864383811.0,5045898807.0,4749213.0
50602.0,0.0,1702487516.0,69345633.0,40804071.0,587159279.0,88453770.0,2117533.0,9986615623.0,10856633347.0,3992839030.0,12748698.0
48882.0,8.0,2362825214.0,65830477.0,39061661.0,88496371.0,136849081.0,804714.0,13732831857.0,10890502155.0,5402382486.0,3692392.0
51422.0,8.0,1947417239.0,90799300.0,50893471.0,1074546629.0,70489285.0,2400681.0,12060600987.0,10863715946.0,4862918682.0,11457197.0
51702.0,8.0,1907411745.0,84170719.0,44995467.0,953622344.0,69271585.0,3674070.0,12018607370.0,10867651289.0,4897747390.0,11441812.0
51873.0,8.0,1957606419.0,83747856.0,45354014.0,985671255.0,70278933.0,3645729.0,12218879159.0,10868391668.0,4933372535.0,11213520.0
51961.0,8.0,1639519765.0,60509697.0,36021010.0,284618016.0,96332205.0,2326230.0,9304086731.0,10854698447.0,3684885657.0,9966071.0
98838.0,8.0,1735020274.0,119520201.0,68348783.0,934166006.0,69839990.0,3660919.0,9597262390.0,10852642149.0,4202478882.0,13406580.0
51965.0,8.0,1920142808.0,133518755.0,74565666.0,496122170.0,77031166.0,3243312.0,10604378547.0,10854926990.0,4577471839.0,6587847.0
52007.0,8.0,1868428445.0,129096710.0,73612137.0,506636015.0,73241223.0,2833732.0,10494235707.0,10855079334.0,4519651515.0,6506519.0
51585.0,8.0,1872075371.0,130446654.0,74350121.0,639771260.0,73590962.0,5218673.0,10389179155.0,10851191920.0,4513872620.0,7296136.0
51784.0,8.0,2125057306.0,140541620.0,76230180.0,247986764.0,80595353.0,989657.0,11554700955.0,10862747739.0,5007251962.0,3227627.0
57802.0,8.0,1936082119.0,134926598.0,84270240.0,391816843.0,65019779.0,2632575.0,10538023104.0,10854223074.0,4320425014.0,5917862.0
51833.0,8.0,2052704805.0,137783831.0,77639274.0,467016466.0,69462313.0,2793834.0,11039194921.0,10853554950.0,4747907922.0,7617733.0
51795.0,8.0,2028447619.0,129774295.0,74839942.0,555898940.0,67657311.0,3137186.0,10994251539.0,10854186466.0,4747170936.0,8082342.0
51876.0,8.0,2014067374.0,132830807.0,76899751.0,480162940.0,67031378.0,2825451.0,10869013917.0,10854237012.0,4689128090.0,8015886.0
51853.0,8.0,2002589860.0,127528217.0,74344700.0,594566269.0,66285614.0,2763546.0,10866109666.0,10854330124.0,4680108788.0,7789280.0
51940.0,8.0,1503785262.0,135486464.0,116168135.0,123135978.0,49439221.0,2554777.0,8381073976.0,10856576583.0,2662475262.0,4236647.0
51740.0,8.0,2293430081.0,140306943.0,79896251.0,359863596.0,63284452.0,970364.0,12198853176.0,10862827019.0,5272761040.0,5399811.0
51413.0,0.0,2045751622.0,130786825.0,77905693.0,513150439.0,58657520.0,3466234.0,10876442547.0,10849146330.0,4700755761.0,10426238.0
51417.0,0.0,1988171608.0,126593231.0,75565537.0,500345641.0,58616048.0,3193253.0,10621858372.0,10852261999.0,4584204984.0,10817341.0
51866.0,0.0,2034308271.0,127865313.0,77897337.0,492430647.0,56304910.0,3094884.0,10733792616.0,10853838187.0,4634177157.0,10261674.0
51745.0,0.0,2254538421.0,140200629.0,80045920.0,351827862.0,63414888.0,1098868.0,11897333530.0,10862307623.0,5130754285.0,5723031.0
51547.0,0.0,1373399223.0,135574688.0,119373542.0,134925072.0,42232750.0,3253025.0,7722211796.0,10850023667.0,2372455890.0,7483579.0
52807.0,0.0,1401231759.0,106343298.0,62168252.0,816821687.0,105618670.0,3537166.0,9239722074.0,10852726792.0,3976390516.0,7892970.0
52469.0,0.0,1641243533.0,129405424.0,80392231.0,643479851.0,85944142.0,3116569.0,10009729147.0,10854949739.0,4217575758.0,8081645.0
64993.0,0.0,1591051179.0,99840368.0,61152522.0,564346660.0,117497857.0,3082329.0,10114576978.0,10865250655.0,4123430651.0,7377467.0
51458.0,0.0,1553565755.0,134669873.0,88322093.0,720076284.0,81063256.0,4067104.0,9816775225.0,10848789071.0,4039459806.0,11157022.0
51407.0,0.0,1297011693.0,107814123.0,69463393.0,847830932.0,94650683.0,5004916.0,8539856320.0,10846337008.0,3521961130.0,11903867.0
57352.0,8.0,1755414051.0,116475428.0,78627166.0,677348797.0,81453895.0,4164524.0,10746210854.0,10866775741.0,4097162385.0,13878436.0
51697.0,8.0,1466199426.0,115110174.0,66618401.0,753422984.0,111907842.0,2715880.0,9614343345.0,10863662814.0,4145016213.0,10291000.0
51188.0,8.0,1595678408.0,107485404.0,74359356.0,730779560.0,80806454.0,2535777.0,9761439691.0,10851643950.0,3714043124.0,12842625.0
51355.0,8.0,1424829913.0,73448371.0,53506496.0,248024058.0,93392827.0,1965499.0,8171192095.0,10852089472.0,3071987641.0,11722053.0
251886.0,3355.0,283020838.0,19741990.0,7099804.0,44929733.0,8181127.0,360351.0,1474146794.0,2164682722.0,847657875.0,1262161.0
46800.0,0.0,1540680033.0,129349267.0,75909827.0,693115608.0,89691558.0,2081192.0,9726447155.0,10840328280.0,4175782239.0,8009423.0
44303.0,0.0,1357395074.0,106390704.0,61184293.0,824646459.0,106732462.0,2757231.0,8991281344.0,10842088898.0,3874942857.0,8351928.0
42476.0,0.0,1796370556.0,137011798.0,80738532.0,721291281.0,109285073.0,2458938.0,11518292862.0,10859904471.0,4966825983.0,6148461.0
43083.0,0.0,1644424402.0,79288647.0,54329206.0,111527697.0,106845578.0,1335500.0,9356720613.0,10853521040.0,3409395900.0,3765897.0
45583.0,0.0,1433290740.0,115247874.0,73067361.0,693522605.0,97987432.0,1799087.0,9286445044.0,10838570790.0,3781225782.0,10211946.0
46006.0,0.0,1557621462.0,128387502.0,76628209.0,716990700.0,90399183.0,1812172.0,9712971989.0,10840410275.0,4162743321.0,9093021.0
46014.0,0.0,1342506812.0,102507509.0,59283627.0,787975214.0,110106027.0,2206630.0,8719494920.0,10842262467.0,3731113616.0,10227852.0
45454.0,0.0,1519028088.0,126366229.0,74616396.0,781806593.0,86131630.0,1998375.0,9501442842.0,10840658163.0,4064134505.0,9651808.0
44831.0,8.0,1509959112.0,74997973.0,56293520.0,246107656.0,95364422.0,2498022.0,8339511424.0,10841907386.0,3040596872.0,9351432.0
44233.0,0.0,1541074811.0,127432240.0,80180319.0,798805126.0,87045370.0,2076077.0,9503120702.0,10844133695.0,4064342184.0,10920940.0
43703.0,0.0,1482792606.0,112855761.0,63182137.0,619078514.0,113795136.0,1074349.0,9521425932.0,10852638689.0,4057159482.0,7216895.0
45483.0,0.0,1495862475.0,125893677.0,78791244.0,734063864.0,90848566.0,2276047.0,9329647848.0,10841425794.0,3999227742.0,11175381.0
47080.0,8.0,1420408221.0,77010440.0,57055326.0,424888772.0,90195884.0,2024737.0,8135544365.0,10842077661.0,3002450095.0,16523311.0
114561.0,0.0,2015518993.0,77530693.0,54164765.0,991662470.0,42784648.0,4553669.0,13122185162.0,10844938838.0,5027926227.0,8436127.0
43070.0,0.0,2137275630.0,77209599.0,54929220.0,921737181.0,39635539.0,2654865.0,13800938582.0,10856397969.0,5383391761.0,4999292.0
45173.0,0.0,1804041694.0,103378777.0,85900212.0,523833419.0,50041745.0,3405427.0,10702357831.0,10836573920.0,3484668970.0,15384857.0
44182.0,8.0,1866155536.0,104245409.0,88029753.0,508319400.0,47249338.0,2129824.0,10883202447.0,10844966102.0,3627242228.0,13242721.0
43529.0,8.0,1806229511.0,104251194.0,88360672.0,456441079.0,53236122.0,2202141.0,10601247926.0,10844376180.0,3391564163.0,14710844.0
42950.0,8.0,2058586126.0,124730500.0,104479341.0,537536787.0,46667952.0,5317991.0,12198496261.0,10846792759.0,3893348084.0,6808515.0
44767.0,8.0,2145313044.0,128668572.0,103018829.0,520408229.0,43516782.0,2788419.0,12153627769.0,10842371194.0,3904017877.0,6597817.0
51775.0,8.0,1865570866.0,82241662.0,59197233.0,365339317.0,68174119.0,1865991.0,10572860931.0,10844849754.0,4226157950.0,6893360.0
51118.0,8.0,3674236598.0,238176562.0,194485434.0,655896663.0,78830621.0,410071.0,21519908688.0,10902916116.0,6721861202.0,467032.0
52981.0,8.0,1901785301.0,107692192.0,88749862.0,422468972.0,60206375.0,3147067.0,11154852798.0,10867975829.0,3825912428.0,9801519.0
51747.0,8.0,2040504280.0,147585000.0,131287880.0,438198675.0,35000420.0,4808913.0,11695495006.0,10862420530.0,3642332760.0,13533020.0
51148.0,8.0,2034061250.0,145238442.0,127014876.0,525860548.0,28985004.0,6477992.0,11678683349.0,10857775880.0,3635255710.0,13804075.0
54133.0,0.0,1880410015.0,90162073.0,49349891.0,746054277.0,66320394.0,2936276.0,11523616427.0,10851084666.0,4650775853.0,8385968.0
51485.0,0.0,1870329024.0,88831018.0,50347962.0,799556465.0,65708924.0,2895524.0,11599887547.0,10853009943.0,4627445395.0,8727182.0
51507.0,0.0,1786769672.0,89391167.0,49826639.0,951758551.0,64281036.0,2828100.0,11690282874.0,10853988802.0,4714445560.0,8527442.0
52431.0,0.0,1846655614.0,85938214.0,49124329.0,746435820.0,69317093.0,2227045.0,11387028284.0,10856564976.0,4543278119.0,8673179.0
52404.0,0.0,1858046271.0,63970317.0,39139719.0,236863512.0,104927376.0,4152032.0,10727414272.0,10858624972.0,4242765690.0,6106769.0
51074.0,0.0,1941159577.0,91179368.0,47755588.0,744014599.0,67651938.0,1414760.0,12368177167.0,10864300904.0,4951818617.0,6379298.0
46020.0,0.0,1654018365.0,76693632.0,41398591.0,753453168.0,58410448.0,4123480.0,10093482755.0,9441085457.0,4121386541.0,8277601.0
51864.0,0.0,1866180396.0,87267790.0,48502573.0,886685116.0,68626148.0,2695226.0,11470390352.0,10852778036.0,4673048985.0,9530045.0
38875.0,0.0,1354739833.0,64847343.0,35054579.0,748335930.0,53280296.0,4988631.0,8900823046.0,8257756610.0,3563835503.0,8678317.0
37635.0,0.0,1251401659.0,44424876.0,26736871.0,217911297.0,73280322.0,2578800.0,7329600533.0,8112744509.0,2876433574.0,6358489.0
30150.0,8.0,1147175845.0,40791199.0,25047473.0,212238165.0,66892263.0,2148738.0,6554077561.0,7429612414.0,2617470655.0,6880001.0
33392.0,8.0,1312817432.0,61504995.0,34890590.0,731478829.0,46652476.0,4994039.0,8482853563.0,8021084782.0,3426847562.0,9321761.0
40842.0,0.0,1402691710.0,64914751.0,36766612.0,779486302.0,56598574.0,8091585.0,8700336854.0,8383166222.0,3557095217.0,9126691.0
34842.0,8.0,1565069808.0,67684530.0,36319192.0,831329910.0,53111060.0,3825014.0,9578301121.0,8114828240.0,3923837387.0,7883566.0
36533.0,8.0,1501631038.0,68187755.0,35693998.0,674252966.0,54926545.0,4181275.0,9288452128.0,8175949748.0,3814651500.0,6386298.0
39788.0,8.0,1348450162.0,61242420.0,33605297.0,788556456.0,52181820.0,5277218.0,8408595024.0,8153490022.0,3434949712.0,9619430.0
42551.0,8.0,1265114444.0,45167068.0,28449840.0,244534789.0,71815844.0,2821234.0,7519380649.0,8429763374.0,2920461213.0,7136274.0
37261.0,0.0,1209649607.0,44141517.0,27731880.0,230849099.0,69185403.0,2488335.0,7136642039.0,7994625550.0,2792890208.0,6988747.0
40057.0,0.0,1464974070.0,97980904.0,53288815.0,509685642.0,55966704.0,3070771.0,8070183179.0,8009020180.0,3548002072.0,6014377.0
38085.0,8.0,1588631329.0,103962838.0,54142329.0,266840998.0,63532481.0,1396057.0,8834216901.0,8164107820.0,3804418254.0,3281271.0
34634.0,8.0,1580493495.0,104809204.0,55719141.0,463927527.0,61426488.0,3584224.0,8536930123.0,8388340097.0,3730885927.0,6754730.0
33145.0,8.0,1508940434.0,102771792.0,56589661.0,425430368.0,59993979.0,2291081.0,8284508705.0,8141951448.0,3607381278.0,6582011.0
32530.0,8.0,1498028133.0,98051134.0,55403697.0,345550944.0,58583812.0,2152993.0,8120450296.0,8116242991.0,3473524636.0,5618122.0
47102.0,8.0,1320195492.0,93219767.0,61724866.0,435766039.0,49178593.0,3291917.0,7262092060.0,8104192697.0,2940305179.0,10131012.0
44606.0,0.0,1341196320.0,92679423.0,68067178.0,216799593.0,41283700.0,2492984.0,7344623741.0,8270809766.0,2798459004.0,5922383.0
41477.0,8.0,1806244598.0,112155301.0,61880710.0,251029597.0,59802715.0,1846867.0,9750380802.0,8452413614.0,4218606607.0,2497434.0
36737.0,8.0,1644723175.0,103339730.0,57580322.0,430416517.0,55520754.0,3660437.0,8868475278.0,8463982985.0,3832764645.0,7445342.0
38959.0,0.0,1521356618.0,98954719.0,56683545.0,426728680.0,51422365.0,2656613.0,8284237085.0,8195118633.0,3547873908.0,7583817.0
41540.0,0.0,2501408355.0,147569551.0,73651032.0,257973522.0,86468463.0,5256304.0,14083681548.0,10859519328.0,6015262902.0,808304.0
33088.0,0.0,1673663970.0,103261014.0,54315219.0,478668157.0,56831771.0,2193756.0,9178630421.0,8256832188.0,3949997233.0,6746677.0
41827.0,0.0,1172070825.0,101214092.0,84959264.0,135454648.0,37582477.0,2734085.0,6378656824.0,8291437141.0,2014118246.0,5455489.0
33317.0,0.0,1851452025.0,111828181.0,60604546.0,390214907.0,53041400.0,3049261.0,9851795767.0,8466499283.0,4260884760.0,5880069.0
34237.0,0.0,1765925551.0,103570110.0,58965290.0,470200610.0,49808729.0,2717629.0,9319181783.0,7988938922.0,4005527700.0,8570489.0
35705.0,0.0,1678687541.0,100066192.0,56882837.0,364396101.0,47835067.0,3305957.0,8808840856.0,8217363423.0,3824258352.0,7738028.0
35449.0,0.0,1645348523.0,99689754.0,57636531.0,389436467.0,47471623.0,2975270.0,8789923280.0,8178181455.0,3797699856.0,8532320.0
40202.0,0.0,1600675765.0,99759385.0,58246879.0,365669122.0,46997560.0,2136227.0,8658162079.0,8138153496.0,3709893195.0,8077598.0
31220.0,0.0,1588636135.0,95713113.0,54732861.0,337572094.0,44883094.0,1599031.0,8507689214.0,7775950470.0,3687033269.0,7565545.0
42592.0,0.0,1723145433.0,103012843.0,59651986.0,416046901.0,48432788.0,1704793.0,8973431284.0,8394466700.0,3843023275.0,8399110.0
36437.0,8.0,1012168420.0,103195778.0,89220257.0,127575510.0,34686772.0,1436379.0,5832640632.0,8389171326.0,1794484370.0,8275001.0
38101.0,8.0,1269359808.0,86166464.0,48249903.0,563088983.0,94898058.0,1067676.0,8228987611.0,8390172901.0,3523026746.0,4810579.0
35828.0,0.0,1302643848.0,83761080.0,48727072.0,415378899.0,78173005.0,817875.0,8336798029.0,8309538232.0,3379316281.0,3524882.0
36598.0,0.0,1299043036.0,80968777.0,44999473.0,613956886.0,74459957.0,2417730.0,8310965529.0,8178330291.0,3325438383.0,6906895.0
37082.0,8.0,1117945407.0,48235670.0,35483244.0,123998010.0,70055210.0,840039.0,6404549677.0,7380435780.0,2331328977.0,4205471.0
35737.0,8.0,1298532821.0,104349773.0,66927178.0,490622996.0,61774597.0,2147880.0,8026881516.0,8309507083.0,3245279846.0,8380353.0
36976.0,8.0,1243684652.0,98622585.0,64589507.0,565097734.0,61127112.0,2246351.0,7579511898.0,8045720061.0,3046956825.0,9179308.0
34226.0,8.0,1168839480.0,92057284.0,55593516.0,664137252.0,72082263.0,2212256.0,7648811739.0,8272318509.0,3256605930.0,8082632.0
43705.0,0.0,1036818784.0,74582837.0,43816275.0,662981513.0,83169661.0,1476969.0,6802015952.0,8048519190.0,2913116466.0,8100036.0
43217.0,8.0,1230695876.0,58807851.0,43554681.0,171517486.0,77711768.0,868117.0,7041977787.0,8330228408.0,2641969834.0,6402858.0
34126.0,0.0,1094399964.0,78144563.0,44871958.0,647317179.0,85632472.0,1488215.0,6971169380.0,8329148747.0,2942229169.0,10072535.0
39630.0,8.0,1319002016.0,86979324.0,59147973.0,516812582.0,68890480.0,2074891.0,7979284615.0,8057364701.0,3071473723.0,8596807.0
43170.0,8.0,1451796206.0,90823398.0,62938553.0,536413833.0,61906551.0,2863599.0,8710531167.0,8217754645.0,3227704200.0,7671139.0
42205.0,0.0,1199117620.0,57037995.0,42949856.0,196567437.0,71117697.0,1354111.0,6814463850.0,8367874651.0,2497455961.0,9068428.0
43715.0,13.0,1215424768.0,99100452.0,54432116.0,600412242.0,73627073.0,1298793.0,8124508399.0,8480622891.0,3465034101.0,6421957.0
34936.0,0.0,1216294794.0,84826576.0,46552920.0,448336848.0,99052194.0,1081327.0,7961056865.0,8371991129.0,3365977691.0,4497835.0
45820.0,0.0,1284043280.0,96074013.0,49258911.0,435013873.0,81973390.0,905024.0,8314783659.0,8329104515.0,3556395308.0,3766668.0
40547.0,0.0,1183760635.0,91875124.0,55001964.0,477212713.0,62268557.0,1128089.0,7528140824.0,7751964851.0,3255291486.0,5772863.0
46405.0,0.0,1102234214.0,64473509.0,40447079.0,508370886.0,75900818.0,1323653.0,6741359270.0,8040162631.0,2683514016.0,10283094.0
32329.0,0.0,1013870183.0,52143908.0,36149436.0,140385359.0,68465845.0,762907.0,5644496671.0,6986709058.0,2077156700.0,5407716.0
40874.0,0.0,1103958217.0,78244929.0,44107339.0,620393885.0,86184546.0,1361869.0,7087533668.0,8315355211.0,3015176009.0,8511160.0
38640.0,0.0,1223264116.0,91463495.0,53078418.0,510480842.0,78848821.0,816065.0,7826457020.0,7825489050.0,3356983498.0,4787304.0
36388.0,0.0,1195157150.0,92948639.0,57819951.0,535380558.0,62099203.0,1133475.0,7455760362.0,7823556224.0,3243970226.0,7618145.0
42300.0,0.0,1033405519.0,76949036.0,44530667.0,676657623.0,86016047.0,1155313.0,6908778469.0,8209560820.0,2977499144.0,8162431.0
45534.0,0.0,1294587560.0,65307929.0,47733282.0,277700514.0,79121249.0,1541325.0,7536143715.0,8684559647.0,2754114137.0,10004178.0
41461.0,0.0,1275706190.0,103305148.0,63065553.0,530213624.0,67295314.0,1220513.0,7913772923.0,8244874036.0,3408934314.0,8276314.0
37661.0,0.0,1266255829.0,94867636.0,59886909.0,548611399.0,70976355.0,1475367.0,7757030423.0,8015892171.0,3356508225.0,9713418.0
35206.0,0.0,1071346021.0,75297751.0,42295325.0,612846770.0,85524358.0,1074660.0,6976157094.0,8098819513.0,2969543845.0,7895843.0
38125.0,8.0,1150279797.0,86131524.0,47002446.0,648650375.0,85201623.0,1229574.0,7359277267.0,8231535754.0,3152943985.0,9364529.0
36460.0,0.0,1281680874.0,103997436.0,63667451.0,588977352.0,67993738.0,1255944.0,7837412334.0,8382649434.0,3378486462.0,8761923.0
34721.0,0.0,1129384900.0,56488276.0,41402164.0,188491884.0,68865463.0,1244384.0,6475445698.0,8350301685.0,2317024689.0,8810947.0
34663.0,0.0,1643011866.0,60269577.0,38755070.0,857140328.0,28263344.0,2612953.0,10948991731.0,8313706958.0,4217018314.0,4979138.0
42823.0,8.0,1619634094.0,60438834.0,41959785.0,865039739.0,37714566.0,1911533.0,10591298322.0,8687219999.0,4120163827.0,6219122.0
30557.0,8.0,1074325120.0,35936923.0,23477947.0,207854982.0,61470744.0,1694944.0,6586112355.0,7186709595.0,2752710514.0,3987263.0
33239.0,8.0,1287887949.0,69878535.0,57748351.0,427408405.0,35057346.0,9598207.0,7664570776.0,7306545637.0,2483003993.0,11113164.0
39457.0,8.0,1775279517.0,99910247.0,82895260.0,572305036.0,47950113.0,3793738.0,10520641131.0,9542817660.0,3417162835.0,11238666.0
46618.0,0.0,1836124775.0,68493410.0,49899334.0,276593860.0,85555589.0,1001072.0,10649250305.0,10850877189.0,4275699663.0,4511411.0
44307.0,8.0,1959431994.0,115765034.0,97855345.0,361531045.0,41893440.0,2544872.0,11839209680.0,10835438487.0,3697614059.0,7192325.0
44988.0,8.0,1948547137.0,120116202.0,101453048.0,489507319.0,47242653.0,3260338.0,11604216163.0,10836154344.0,3697387396.0,8327290.0
44173.0,8.0,1913014316.0,127816775.0,108343175.0,470631872.0,43367485.0,2928564.0,11046254557.0,10839137564.0,3590134005.0,11349056.0
43842.0,8.0,1877858490.0,126393392.0,110596995.0,465551335.0,39273454.0,2905093.0,11072317747.0,10838609015.0,3429744965.0,11802508.0
42371.0,0.0,1880399783.0,129094010.0,112884496.0,402126170.0,42641091.0,2620764.0,10899256786.0,10839451891.0,3335569279.0,11804203.0
44213.0,0.0,1817610792.0,129133619.0,114864222.0,467698441.0,26497342.0,4007823.0,10043587042.0,10835987494.0,3194157006.0,15936910.0
43038.0,0.0,2095829468.0,149815319.0,129733381.0,465486310.0,34736176.0,1714949.0,11994336344.0,10848584487.0,3727536979.0,8526656.0
45596.0,0.0,1771323664.0,95868409.0,78822012.0,373816368.0,49699143.0,2181443.0,10035696840.0,10834993161.0,3695635142.0,10358284.0
44451.0,0.0,1803292788.0,89441312.0,49474564.0,854549605.0,65732387.0,2529592.0,11508951136.0,10838714599.0,4599245523.0,8250430.0
43781.0,0.0,1803525709.0,88712272.0,50099814.0,944367160.0,62996328.0,3513785.0,11225832914.0,10836913259.0,4524659411.0,9107108.0
43562.0,0.0,1930831910.0,91242193.0,47464763.0,702445004.0,70230307.0,1280165.0,12448722112.0,10848878360.0,5000275234.0,5537932.0
44537.0,0.0,1699080999.0,61373363.0,36516645.0,217206654.0,96909521.0,1230130.0,9781615295.0,10838174752.0,3858000100.0,6701220.0
49451.0,0.0,1694204384.0,67192432.0,41298261.0,416746951.0,91934925.0,1591112.0,10072737877.0,10842892700.0,4022882299.0,9293899.0
42702.0,0.0,1847273126.0,89613119.0,52170280.0,865697820.0,66685050.0,2581305.0,11335500980.0,10842682636.0,4616634005.0,9654044.0
43854.0,0.0,1888423480.0,92709057.0,52084545.0,598788631.0,68279918.0,800906.0,12161198248.0,10849160985.0,4879269089.0,4334934.0
43853.0,8.0,1821437640.0,85650114.0,49175231.0,841347146.0,68511123.0,3536083.0,11171890950.0,10836566376.0,4514004170.0,10226382.0
44346.0,8.0,1779062544.0,58101389.0,36811769.0,275925526.0,99501872.0,3099146.0,10412139368.0,10847200194.0,4101941009.0,7929255.0
52284.0,8.0,1864609234.0,85248583.0,46091192.0,899695222.0,71339385.0,2408777.0,11289478039.0,10850369925.0,4597495850.0,10626047.0
52501.0,8.0,1899350023.0,84907357.0,44861230.0,896642807.0,66044075.0,5518349.0,12031977054.0,10860857055.0,4874273944.0,11457601.0
52549.0,8.0,1904029881.0,87706698.0,47429461.0,806110951.0,69101439.0,3173339.0,11805744133.0,10860069722.0,4807676276.0,10014746.0
51663.0,8.0,1763858199.0,86746037.0,49214211.0,953890855.0,64343830.0,2329985.0,11210151754.0,10846461911.0,4512142380.0,10908891.0
52405.0,8.0,1621384810.0,60505955.0,35968573.0,285948217.0,96148356.0,1465477.0,9497506319.0,10847935857.0,3701436183.0,9359694.0
52557.0,8.0,1913662096.0,130656624.0,73907564.0,526736531.0,75018598.0,1603053.0,10477708852.0,10848502849.0,4560458075.0,6636087.0
51924.0,8.0,1902944133.0,127988969.0,73739886.0,448053831.0,74439630.0,1521674.0,10412009865.0,10849093110.0,4491025752.0,6290470.0
51207.0,8.0,1861274680.0,129275426.0,73973026.0,523741345.0,73345715.0,1640517.0,10441361320.0,10851759066.0,4480123815.0,6205204.0
52418.0,8.0,2231765355.0,139438984.0,71704741.0,390988697.0,87803272.0,2040754.0,12460615101.0,10862351769.0,5324101926.0,5324594.0
62691.0,8.0,2116653184.0,137675978.0,80328448.0,550383201.0,78896854.0,2527263.0,11353750907.0,10858578580.0,4703812629.0,10213899.0
51791.0,8.0,2038289557.0,136256957.0,76593915.0,452898259.0,68708133.0,1285710.0,10976361312.0,10848244998.0,4727410253.0,7244751.0
51765.0,8.0,1991421959.0,132740506.0,76595611.0,511312088.0,68102080.0,1445166.0,10818689648.0,10847982576.0,4657166586.0,7880550.0
51345.0,8.0,1987274195.0,127146847.0,73045568.0,511975501.0,67088019.0,1436017.0,10825934072.0,10848217408.0,4666132408.0,7914945.0
51279.0,8.0,1985750102.0,131601476.0,76913561.0,453062115.0,67687924.0,1331285.0,10749034595.0,10849115425.0,4646395779.0,7717565.0
51156.0,0.0,2000796271.0,133423637.0,79500933.0,506299851.0,66239716.0,1265026.0,10796766922.0,10849136260.0,4664899617.0,7581990.0
52209.0,0.0,1618230074.0,144984566.0,123787938.0,128960699.0,51951488.0,2174356.0,9071134248.0,10868656252.0,2888731176.0,3073296.0
51949.0,0.0,2350756237.0,140486070.0,82079555.0,507741298.0,64392232.0,2137861.0,12328843520.0,10855473192.0,5361107889.0,7663609.0
51943.0,0.0,2062281041.0,131167269.0,77340176.0,491678716.0,58516313.0,1833060.0,11007756574.0,10847595486.0,4759220844.0,9592497.0
33516.0,0.0,1656297260.0,99903189.0,57546613.0,488569540.0,47516162.0,2641278.0,8953487991.0,8287558748.0,3859551955.0,7771062.0
31906.0,0.0,1584619167.0,93010929.0,55087712.0,390148875.0,43488839.0,3486640.0,8260682295.0,7733181497.0,3561478004.0,7522479.0
34988.0,0.0,2013464136.0,115487400.0,63676261.0,443447110.0,54947108.0,3031940.0,10752306877.0,8602413567.0,4633595770.0,5934440.0
31379.0,0.0,1762346024.0,102030297.0,57626232.0,349724884.0,50426453.0,3136730.0,9273375716.0,7904122595.0,4008980289.0,5783021.0
33060.0,0.0,907613765.0,97818038.0,86645340.0,105181502.0,25425809.0,2522361.0,5722531133.0,8191510270.0,1795704606.0,9039044.0
32302.0,0.0,1076503073.0,81797004.0,48867958.0,496898858.0,67050647.0,3630389.0,6762651817.0,7513618361.0,2888870733.0,6550743.0
37835.0,8.0,1091630203.0,77916094.0,43320098.0,519044694.0,89184862.0,4311348.0,6970763045.0,8219273086.0,2966812739.0,6677729.0
42981.0,8.0,1171989326.0,85326363.0,46759874.0,571682640.0,86016914.0,4140838.0,7596150005.0,8327482991.0,3227772976.0,6505556.0
40851.0,8.0,1168456080.0,68302273.0,44229843.0,309386816.0,81942549.0,3552777.0,7274337878.0,7893415930.0,2894580752.0,7207576.0
48825.0,0.0,1252407012.0,77921651.0,49915196.0,594134610.0,59515502.0,4413869.0,7649769493.0,7863279545.0,2913478793.0,7373695.0
37926.0,0.0,1120536240.0,78078392.0,49269154.0,561538354.0,53738978.0,6105364.0,7316515729.0,7494954182.0,2825163207.0,8422183.0
38873.0,8.0,1193656947.0,79989579.0,49574263.0,687506650.0,58006940.0,7838393.0,7564839138.0,7795350168.0,3002047880.0,8947037.0
40243.0,0.0,1389579031.0,106566998.0,64862352.0,472908623.0,79802803.0,6898280.0,8854395103.0,8675533672.0,3784693964.0,4696828.0
34448.0,8.0,1228425088.0,58000939.0,41720424.0,179021279.0,76207037.0,2301076.0,7086889461.0,8384871058.0,2633938529.0,6327477.0
41021.0,0.0,1116127829.0,82192002.0,46853732.0,654981571.0,94287947.0,4662761.0,7453700250.0,8357771530.0,3233820325.0,9549543.0
40951.0,8.0,1121526673.0,79553897.0,43776195.0,603491372.0,87074289.0,4339950.0,7286437014.0,8108995611.0,3138882007.0,7912222.0
34517.0,8.0,1132441276.0,86206073.0,49076805.0,624055182.0,86804664.0,5094381.0,7111961132.0,8418163203.0,3049906511.0,9192631.0
35026.0,8.0,1056568167.0,74101018.0,43328244.0,668352594.0,82569224.0,4519335.0,6814365573.0,8272075543.0,2856725285.0,11139252.0
41815.0,8.0,1100702951.0,56152334.0,40492647.0,227744795.0,72010888.0,2611543.0,6090623143.0,8263513015.0,2305044965.0,9599537.0
193739.0,37.0,208230237.0,19284922.0,10607729.0,613293235.0,12458899.0,7160922.0,1393466184.0,2431393184.0,670800467.0,7903924.0
41385.0,8.0,1267207120.0,97504219.0,54414302.0,584177366.0,73625393.0,4431006.0,7720537143.0,8367001908.0,3324049225.0,6758861.0
38039.0,0.0,1157920375.0,97944102.0,59276872.0,593712039.0,68939926.0,5282479.0,7722552559.0,8208085487.0,3335373871.0,6594836.0
34250.0,8.0,1109929499.0,80925935.0,46664020.0,660525408.0,85642225.0,5188124.0,7153132373.0,8400162263.0,3121708346.0,7319314.0
37189.0,0.0,1183918737.0,85923071.0,41884328.0,484687869.0,86673492.0,2380550.0,7842997137.0,8113732526.0,3320057033.0,4926119.0
37217.0,0.0,1251857078.0,61054825.0,42014262.0,117407555.0,79894514.0,2237332.0,6915790592.0,8238835342.0,2582097797.0,3580756.0
33878.0,0.0,1201756168.0,99695394.0,66305009.0,393147353.0,55421498.0,4250235.0,7372073681.0,7511227637.0,2945907646.0,7971923.0
33718.0,8.0,1256448748.0,98197936.0,60251653.0,578302683.0,73332656.0,4637775.0,7907608599.0,8411093513.0,3405580822.0,7383590.0
33609.0,0.0,1054724676.0,83229212.0,46799384.0,659549990.0,87480552.0,3108381.0,7208089526.0,8349772842.0,3090625413.0,8431227.0
34223.0,8.0,1131051356.0,89421769.0,48117777.0,667663947.0,86123760.0,2758482.0,7300603163.0,8434883142.0,3146760218.0,8074073.0
33330.0,0.0,1199155655.0,99059338.0,60242603.0,581912268.0,65385473.0,2883338.0,7619599150.0,8046458187.0,3248637104.0,7938993.0
34008.0,0.0,1124689094.0,57871451.0,42859270.0,176430106.0,67503699.0,1813094.0,6511283376.0,8070146993.0,2334602474.0,7037953.0
42914.0,0.0,1246717384.0,94381671.0,61267093.0,576065163.0,61780575.0,1820076.0,7692589573.0,8171940102.0,3244708889.0,10024453.0
34361.0,0.0,1211933851.0,90335054.0,53885967.0,718894956.0,90979286.0,1742361.0,7892351061.0,8427465655.0,3360152055.0,7774250.0
40316.0,0.0,1149508725.0,86433108.0,48347446.0,538574863.0,86402514.0,961164.0,7431031398.0,8221139966.0,3165578127.0,5925792.0
42940.0,0.0,1259732348.0,104800674.0,60575787.0,575761564.0,74282546.0,2270985.0,7895789289.0,8683198805.0,3373303566.0,8972799.0
34386.0,0.0,1227068989.0,95567393.0,59657459.0,553419807.0,66690193.0,2529967.0,7637332163.0,8225407966.0,3293409662.0,9777576.0
40563.0,0.0,1116316086.0,54065978.0,39928253.0,209244183.0,70222035.0,1334485.0,6268610768.0,8153975466.0,2270262695.0,8111574.0
33168.0,0.0,1610633883.0,49098550.0,36135695.0,869773125.0,26759037.0,3070959.0,10299681838.0,7904280898.0,4020749966.0,5158075.0
33575.0,0.0,1597132623.0,55740329.0,39177236.0,745314440.0,29569301.0,1468754.0,10150835402.0,7824425049.0,3975920260.0,3922779.0
36530.0,8.0,1210334373.0,39075793.0,25073245.0,199175491.0,68161417.0,879396.0,7359146271.0,7917849284.0,3079711860.0,3435658.0
