lock_loads,fp_uops,branch,l1_misses,l2_misses,stall_sb,branch_misp,machine_clear,instructions,cycles,loads_and_stores,cache-misses
53474.0,0.0,841790660.0,296836143.0,209899595.0,6014173.0,65462235.0,2114075.0,2696712685.0,10858202447.0,1090570514.0,182559204.0
52150.0,8.0,832472681.0,362043546.0,301552255.0,91442864.0,41308568.0,3366529.0,2992017237.0,10857680851.0,1176578428.0,218990502.0
52782.0,8.0,735186536.0,372232668.0,315506196.0,2114552229.0,33794932.0,1678975.0,4253815547.0,10862026979.0,2071847054.0,63471372.0
54222.0,8.0,857635390.0,426756601.0,290770068.0,7589668.0,35883849.0,2058520.0,2814671499.0,10857744219.0,1222835594.0,199434194.0
65266.0,0.0,589228709.0,180206543.0,176470218.0,2467716422.0,30305100.0,1164987.0,4873527374.0,10851673361.0,2388395138.0,51768624.0
44466.0,0.0,496248827.0,189488323.0,177823498.0,1815377760.0,17000140.0,1397015.0,4580422575.0,10849748097.0,2234686004.0,72770025.0
45612.0,0.0,535150232.0,252980440.0,202891620.0,3109596656.0,25625801.0,2836077.0,3758589560.0,10848349878.0,1883905298.0,89067902.0
44602.0,0.0,1104705970.0,412102881.0,295887927.0,15552160.0,60790947.0,1137332.0,4105716616.0,10845625297.0,1742813161.0,84521098.0
44198.0,0.0,1117124467.0,436500031.0,331641114.0,17802184.0,48315459.0,3790581.0,4110005659.0,10849262655.0,1722854636.0,86474205.0
45453.0,0.0,962808595.0,408262433.0,320617537.0,16790999.0,30316859.0,3758553.0,3413017775.0,10850820083.0,1390968150.0,137342858.0
43660.0,0.0,886788049.0,397977109.0,317690274.0,10067170.0,21702583.0,3753754.0,2942015492.0,10849020681.0,1163929684.0,169086918.0
44124.0,0.0,748262885.0,390020102.0,340631013.0,1420777103.0,18928340.0,5851362.0,3060990565.0,10851662637.0,1238164333.0,188149334.0
40958.0,0.0,661835187.0,370282958.0,349485362.0,651186753.0,10138264.0,1040122.0,5185825086.0,10857156676.0,2509607833.0,21712263.0
44895.0,0.0,1048676642.0,395274979.0,256849278.0,12922281.0,72740090.0,2282111.0,3935325832.0,10846777605.0,1715121240.0,76692782.0
47269.0,0.0,1033855484.0,382315347.0,271745189.0,14053633.0,64738073.0,2650004.0,3829000929.0,10845287268.0,1648628751.0,83256785.0
42085.0,0.0,819069993.0,285313969.0,213392472.0,13617435.0,52826939.0,1884564.0,2911122981.0,9726581852.0,1229257318.0,109918575.0
36255.0,0.0,609951969.0,210126375.0,154588168.0,15303290.0,41836516.0,1201609.0,2140820918.0,7963707827.0,897637437.0,100214859.0
34031.0,8.0,620041626.0,217800259.0,159772103.0,11763736.0,41879266.0,1317620.0,2163279466.0,8223875066.0,915417278.0,109739738.0
40952.0,0.0,633732160.0,211140317.0,156478093.0,11719448.0,49239112.0,961364.0,2104107106.0,8396134477.0,859669683.0,128341181.0
34776.0,0.0,619251219.0,195722900.0,145486203.0,1295585.0,55112416.0,1190716.0,1997011255.0,8085796484.0,804007163.0,135017326.0
39317.0,0.0,395258201.0,179691683.0,176246463.0,2854375694.0,15639183.0,1328588.0,3105312217.0,8286204489.0,1483181206.0,41775817.0
34900.0,0.0,441533134.0,245049671.0,241468494.0,2312235697.0,6605134.0,2934921.0,3312429379.0,8335531979.0,1735517373.0,40169376.0
42485.0,0.0,902002043.0,336874155.0,237459735.0,14082060.0,51518050.0,1554032.0,3374831309.0,9324999354.0,1435309981.0,75348382.0
52788.0,0.0,905422349.0,362083280.0,261432739.0,17880285.0,40616398.0,2353369.0,3175182626.0,10842448155.0,1287465644.0,149897191.0
52337.0,0.0,907904196.0,385413312.0,271563930.0,6052510.0,39760225.0,2768884.0,3025677242.0,10843458593.0,1193443512.0,195537631.0
55094.0,0.0,667107486.0,333059621.0,326345367.0,729150950.0,9851474.0,979110.0,5362216555.0,10850278693.0,2592923198.0,27001492.0
53366.0,0.0,1073326370.0,391528055.0,275422004.0,15946835.0,65697297.0,873485.0,3989847267.0,10838697638.0,1705451729.0,82802743.0
54418.0,0.0,843140581.0,299456118.0,210583022.0,6920726.0,63833791.0,2673254.0,2741309454.0,10843924071.0,1108582578.0,182064979.0
53562.0,0.0,850322327.0,300258935.0,209594247.0,5536839.0,66616245.0,2620130.0,2734642962.0,10845147626.0,1104882464.0,184772163.0
54951.0,8.0,477354042.0,418099902.0,419002315.0,2157238390.0,15069466.0,1087270.0,2352781436.0,10853012468.0,1158007631.0,22170236.0
53008.0,8.0,1040073866.0,380312569.0,269434554.0,20399953.0,54002837.0,2955037.0,3812828772.0,10845343180.0,1598743240.0,107680137.0
56898.0,13.0,695319648.0,439802673.0,345140476.0,1034434805.0,8520927.0,2189156.0,2641981306.0,10844729250.0,1187794822.0,237657700.0
256088.0,37.0,831111114.0,204223356.0,147480262.0,82985867.0,80534378.0,2147370.0,3328775536.0,8164209853.0,1391993666.0,47464182.0
46383.0,8.0,496568300.0,135509850.0,125778908.0,2239647203.0,6999280.0,1476967.0,5190940894.0,10847719185.0,2515225893.0,88539831.0
45742.0,8.0,533913229.0,271320692.0,261351305.0,1211366112.0,24652112.0,1042106.0,3871617023.0,10850229590.0,1899796352.0,52964344.0
45950.0,8.0,1132339349.0,406871764.0,282764357.0,13101001.0,70441600.0,1080616.0,4246067895.0,10841138459.0,1813076253.0,77009760.0
47301.0,8.0,1123347048.0,434401152.0,324026772.0,14615656.0,54980035.0,1206416.0,4180319173.0,10841133417.0,1758742344.0,81370605.0
45837.0,0.0,1070354434.0,433322948.0,333830379.0,15565525.0,38719499.0,2270576.0,3861426164.0,10839977668.0,1611630928.0,102787434.0
44164.0,8.0,918192983.0,409073131.0,323911804.0,12839450.0,25015756.0,2189965.0,3095594306.0,10841456252.0,1234205838.0,159161256.0
45914.0,0.0,927084585.0,438777356.0,347394728.0,1183652.0,19582727.0,2411163.0,2972602435.0,10842336915.0,1135903138.0,189949763.0
43653.0,0.0,765265640.0,148945607.0,135725999.0,1621707003.0,10048586.0,638597.0,8027907502.0,10847264821.0,3832361646.0,58464746.0
44061.0,0.0,774749962.0,300595173.0,220162754.0,2150984461.0,43574440.0,1083075.0,4664105849.0,10847746380.0,2284013424.0,73711335.0
44935.0,0.0,1080824696.0,410882186.0,285142994.0,11426425.0,68464906.0,2426937.0,4039254318.0,10841511409.0,1739593030.0,76338231.0
46246.0,8.0,1034962235.0,373299511.0,272906291.0,12913610.0,63375512.0,2297650.0,3785111905.0,10841865273.0,1613424623.0,94525873.0
44593.0,8.0,895335474.0,315830309.0,232250692.0,12261230.0,62193823.0,2126473.0,3145860452.0,10842625284.0,1327107259.0,137191509.0
45115.0,0.0,851060585.0,296854642.0,217866051.0,11149934.0,61164133.0,2182412.0,2866141193.0,10843210295.0,1182675830.0,155494928.0
45727.0,0.0,827665498.0,270240719.0,196501220.0,1190252.0,73636240.0,2734392.0,2664919130.0,10845458016.0,1073854636.0,179659741.0
45566.0,8.0,599020030.0,260096566.0,254313639.0,2056305463.0,16607936.0,1021961.0,4946182819.0,10847273956.0,2408326620.0,48555668.0
44493.0,0.0,1063888220.0,402694879.0,273250126.0,14278687.0,68998569.0,2719730.0,3988242480.0,10836267267.0,1711726986.0,76764140.0
45702.0,0.0,987061461.0,384719585.0,277402872.0,15854656.0,45514033.0,3060874.0,3595712893.0,10840066030.0,1497709754.0,119805822.0
44366.0,0.0,870282849.0,367017544.0,250407303.0,5025368.0,41798813.0,2849565.0,2856043878.0,10842024208.0,1123915374.0,180482550.0
44022.0,0.0,613578430.0,205771205.0,198088302.0,2676727863.0,19312798.0,1185135.0,5480181609.0,10848008552.0,2652499371.0,51902296.0
44839.0,0.0,1040429906.0,368670467.0,257915756.0,12832073.0,75457101.0,2631221.0,3950599615.0,10839476906.0,1696229177.0,73296241.0
43967.0,0.0,858407470.0,309065799.0,225967346.0,11240672.0,57184483.0,2111734.0,2921747186.0,10842619934.0,1214135952.0,155993723.0
45400.0,0.0,843795206.0,298429626.0,209926634.0,1524751.0,66040676.0,2287443.0,2717691258.0,10841698951.0,1099274823.0,183979615.0
46929.0,0.0,733729803.0,393014409.0,355159772.0,898146474.0,27084868.0,3731833.0,2870352001.0,10843968177.0,1182656652.0,174205733.0
44950.0,0.0,865814084.0,360645971.0,273128415.0,1905469291.0,51285323.0,1824474.0,3814795888.0,10843327170.0,1785213432.0,84384946.0
45361.0,0.0,862613709.0,481994718.0,333492086.0,1578198.0,23894094.0,3659636.0,2810079087.0,10843415856.0,1251149372.0,208784280.0
68329.0,0.0,616151021.0,157268429.0,151766367.0,2083798366.0,21324426.0,742032.0,5697015387.0,10849714966.0,2749592873.0,60229540.0
45124.0,0.0,500838400.0,204810593.0,193464801.0,1633364780.0,20368113.0,1552833.0,4258732070.0,10846430881.0,2057106184.0,66864882.0
47863.0,0.0,601294574.0,273721936.0,216357478.0,2599499152.0,36950203.0,2055848.0,3478544019.0,10842765715.0,1713324368.0,85061958.0
48048.0,0.0,958730001.0,356409600.0,257731336.0,17641508.0,54529975.0,1967729.0,3571764135.0,10835733320.0,1513972691.0,89083778.0
47967.0,8.0,1244752605.0,467711476.0,351734398.0,8375875.0,55772052.0,343853.0,4571567168.0,10873839074.0,1924195284.0,99711366.0
54413.0,8.0,932785449.0,392118286.0,307691433.0,19873242.0,31276416.0,1113376.0,3316631396.0,10849553246.0,1359929037.0,126516454.0
54343.0,8.0,901786939.0,401796875.0,315141244.0,14238541.0,24000111.0,1419845.0,3024908612.0,10853072115.0,1198146938.0,160921671.0
54985.0,8.0,900215822.0,443180712.0,364590746.0,8251739.0,14379635.0,3164903.0,3081287008.0,10850868995.0,1150454844.0,228036080.0
53132.0,8.0,663409077.0,332166929.0,315255070.0,744643716.0,11571372.0,432413.0,5613043006.0,10861202153.0,2700024950.0,28596407.0
55209.0,8.0,982903073.0,365297617.0,230791026.0,14200224.0,72845130.0,1283896.0,3674973508.0,10850234938.0,1602330613.0,73360143.0
54162.0,8.0,997198401.0,373589747.0,264983053.0,16785404.0,62774635.0,1402399.0,3691738842.0,10847020940.0,1576671366.0,80587563.0
53966.0,8.0,947977435.0,340604593.0,249825863.0,17723676.0,59574885.0,1824230.0,3440830359.0,10848387431.0,1464181380.0,101057555.0
52178.0,8.0,844695003.0,299611898.0,219103614.0,18573077.0,59191135.0,1734741.0,3018895525.0,10849984708.0,1263207917.0,134269873.0
52107.0,8.0,813237093.0,284670101.0,211281000.0,14459540.0,58484061.0,1081231.0,2794868878.0,10854307650.0,1154505655.0,150863667.0
53766.0,8.0,814028515.0,265050104.0,193869132.0,5837709.0,71977870.0,2103474.0,2630067943.0,10851035277.0,1059968954.0,177325309.0
52227.0,8.0,572983222.0,259680588.0,251930892.0,2462999584.0,17459888.0,1700332.0,4710738507.0,10857720742.0,2263766798.0,48472704.0
51788.0,8.0,998081605.0,378133966.0,255382942.0,17213704.0,67911099.0,2140887.0,3735474850.0,10846074975.0,1596875806.0,75790073.0
53261.0,8.0,975268870.0,374138883.0,270497857.0,20305929.0,44890041.0,2256056.0,3546636791.0,10847633118.0,1487580218.0,108931250.0
51736.0,8.0,848610646.0,352672036.0,243022179.0,11559649.0,40115724.0,1149898.0,2784128339.0,10853792529.0,1109546709.0,173933161.0
52636.0,0.0,523753376.0,258150552.0,258815264.0,3345872583.0,27773205.0,1258652.0,3601819749.0,10861271311.0,1741151144.0,46360249.0
53979.0,0.0,748809551.0,345846689.0,277979619.0,2020989414.0,42749004.0,1285167.0,3838967293.0,10854215875.0,1858925182.0,71733509.0
51681.0,0.0,872454063.0,314120874.0,235919686.0,21666472.0,49505644.0,3664397.0,3136110593.0,10851900646.0,1312034326.0,123940658.0
51470.0,0.0,828380409.0,292125299.0,210300936.0,6567103.0,64281082.0,3982132.0,2682440625.0,10854104300.0,1082440265.0,181020038.0
51988.0,0.0,834467484.0,293487506.0,210120568.0,6095835.0,64881183.0,2837754.0,2674517597.0,10856435296.0,1084957250.0,181995130.0
52379.0,0.0,622068423.0,413625612.0,412128075.0,1382190866.0,3617443.0,848083.0,4669988772.0,10865925005.0,2369405481.0,21140306.0
52679.0,0.0,846142904.0,311965119.0,209386832.0,13525759.0,56268425.0,2044511.0,2820897213.0,10854393251.0,1166671869.0,165785297.0
84354.0,0.0,64133984.0,54386307.0,53826445.0,64526309.0,68322.0,222418.0,185934676.0,5140785131.0,81803566.0,53222004.0
59118.0,0.0,753538139.0,271012909.0,220433182.0,1178043505.0,79851158.0,3204060.0,3464123939.0,10847399886.0,1599704494.0,54401469.0
44598.0,0.0,483382701.0,142675633.0,134248675.0,2266413515.0,10280044.0,2289578.0,4962173091.0,10850936927.0,2384286663.0,87543996.0
45617.0,0.0,493066316.0,207812146.0,199673801.0,1871394505.0,15172544.0,2351933.0,4136897481.0,10853625708.0,2019441710.0,71813999.0
48464.0,8.0,1049276792.0,383420616.0,270193498.0,17120799.0,61457911.0,2378386.0,3900659333.0,10838015747.0,1665674716.0,84923014.0
48199.0,0.0,1095787153.0,423072996.0,318906407.0,16910336.0,51294937.0,2881811.0,4064158790.0,10838801207.0,1712223406.0,86697615.0
47521.0,0.0,1043803325.0,428038303.0,328080417.0,16125176.0,35575306.0,2993632.0,3727694287.0,10839265755.0,1539719136.0,114651162.0
46365.0,0.0,920078288.0,410364580.0,324654148.0,11226315.0,23984501.0,2609086.0,3110638005.0,10843696386.0,1232049526.0,167353964.0
45320.0,0.0,937980351.0,444825580.0,349267795.0,1029324.0,19445692.0,1056521.0,3002734048.0,10842939573.0,1145683799.0,191698148.0
47209.0,0.0,716123980.0,234292830.0,220539667.0,1107500518.0,12341147.0,493595.0,6813702912.0,10849831998.0,3290805770.0,41171681.0
34495.0,0.0,705068031.0,267044714.0,167812729.0,798715792.0,55235261.0,3193600.0,2792300331.0,8210965529.0,1277499721.0,59433448.0
44732.0,0.0,1086758123.0,410050647.0,284278823.0,11742396.0,68278265.0,2420477.0,4030480203.0,10841519841.0,1729044489.0,78080400.0
37498.0,0.0,771005733.0,271519335.0,201302162.0,13076721.0,46288784.0,975621.0,2854903621.0,8422222540.0,1214934887.0,74660254.0
32370.0,0.0,623557664.0,214950847.0,161148874.0,10187902.0,42282427.0,507755.0,2184083598.0,7893910867.0,916686260.0,100965233.0
43700.0,0.0,647964704.0,226024752.0,167157860.0,13895970.0,48684062.0,320707.0,2322310099.0,8496814470.0,965168847.0,115041068.0
35551.0,8.0,539204853.0,179202338.0,135730833.0,9604156.0,42850806.0,535646.0,1802133102.0,7446866214.0,741898902.0,112271467.0
41750.0,8.0,655659530.0,206890400.0,152483852.0,6072013.0,58064791.0,817477.0,2114515827.0,8656828801.0,852103888.0,142790529.0
34284.0,5.0,500809464.0,291958375.0,281306604.0,1746965356.0,12376131.0,7162919.0,2292648380.0,8674974644.0,971212563.0,123961669.0
40542.0,8.0,539394524.0,244023696.0,237714776.0,572045221.0,11435099.0,5513524.0,4370514788.0,8318453811.0,2112402063.0,16568718.0
37171.0,8.0,822247326.0,305115074.0,213688545.0,11534088.0,50772238.0,724495.0,3066444754.0,8622872337.0,1313271024.0,65478662.0
35016.0,0.0,750451439.0,280232467.0,206506694.0,12570158.0,34622202.0,404563.0,2768410594.0,7959556725.0,1155638737.0,73921137.0
42207.0,8.0,627668122.0,251980934.0,179954642.0,13309989.0,28880367.0,264659.0,2128103711.0,7956837114.0,864064413.0,117016602.0
34957.0,0.0,660687025.0,274644130.0,188620460.0,1628330.0,31762489.0,364722.0,2137110638.0,8145601519.0,835878208.0,139648095.0
32695.0,8.0,453570985.0,126593064.0,119234063.0,2327273509.0,13712651.0,1036728.0,4220555572.0,8040564619.0,2025927730.0,40578487.0
36199.0,0.0,421157522.0,236105434.0,226225596.0,2251586432.0,3998994.0,16347875.0,3721221601.0,8259034541.0,1894275288.0,39120912.0
43340.0,8.0,818797804.0,293196810.0,211896993.0,15170642.0,48434778.0,748202.0,3029174389.0,8508700670.0,1287807786.0,65899731.0
37845.0,8.0,626993497.0,220049201.0,159277906.0,7176452.0,46573541.0,936506.0,2056667013.0,8381645995.0,838544638.0,134831308.0
35727.0,8.0,651346182.0,227238484.0,162520064.0,1377483.0,50629662.0,747445.0,2099238472.0,8506829944.0,847788247.0,142127483.0
39198.0,8.0,638436734.0,226110885.0,162874106.0,3941543.0,49882131.0,252090.0,2055288881.0,8498758358.0,829921302.0,139252011.0
32675.0,8.0,345006466.0,318263471.0,319291475.0,1102611996.0,9054848.0,7080090.0,1628736991.0,8031286536.0,808745848.0,12402504.0
36478.0,0.0,782083669.0,281774194.0,205725848.0,11524312.0,47111778.0,960924.0,2906447427.0,8345448559.0,1230594893.0,63979897.0
33031.0,8.0,537303039.0,240577842.0,164590427.0,4786314.0,28050443.0,806470.0,1742494603.0,6932783493.0,746249559.0,120401719.0
68425.0,14.0,168314314.0,142811443.0,138368359.0,1114477257.0,166840.0,15978218.0,780863243.0,7777579263.0,368435707.0,130366831.0
44741.0,0.0,772056044.0,195800783.0,143003305.0,54300653.0,79050543.0,1162556.0,3049634474.0,8277968913.0,1285535875.0,52496215.0
40528.0,0.0,385647199.0,91386028.0,83481218.0,1902285603.0,4141160.0,602452.0,4058574797.0,8365403089.0,1975837267.0,68730068.0
42031.0,0.0,368658295.0,140135365.0,135135488.0,1255686197.0,13987810.0,437152.0,3307564450.0,8219311734.0,1601305936.0,54878169.0
44311.0,0.0,382229583.0,158246792.0,151767315.0,1479686558.0,11417474.0,622857.0,3363811926.0,8498885147.0,1639092951.0,57967614.0
42811.0,8.0,833221965.0,295890030.0,209676159.0,16645414.0,51753468.0,545665.0,3103671615.0,8526335375.0,1325197740.0,65906770.0
39998.0,0.0,775243704.0,288311299.0,213202105.0,16010052.0,39783942.0,685775.0,2876526490.0,8018651336.0,1214957017.0,65410929.0
33736.0,0.0,805501442.0,308126841.0,237246571.0,13242056.0,35681455.0,701269.0,2948796778.0,8256498429.0,1232437333.0,68328322.0
35778.0,8.0,781851776.0,318629697.0,246090753.0,13859163.0,27336287.0,550833.0,2809445635.0,8368799204.0,1163134455.0,88098107.0
33643.0,8.0,677683099.0,290081505.0,229328730.0,11923223.0,19934458.0,518085.0,2325058297.0,8046392196.0,936288916.0,111332564.0
40744.0,8.0,677978137.0,314494436.0,252528136.0,9155516.0,15124721.0,474716.0,2194730552.0,8293721256.0,850665980.0,135636517.0
41811.0,8.0,687239171.0,338646423.0,279870420.0,8328532.0,10788392.0,2796464.0,2399425974.0,8327502983.0,895741788.0,177521507.0
45365.0,0.0,586671791.0,112533101.0,104775627.0,1315761430.0,8334770.0,409882.0,6148080407.0,8415685352.0,2959312135.0,42441539.0
42453.0,0.0,571798582.0,181044864.0,171265841.0,929570826.0,6615020.0,997732.0,5167303398.0,8401550176.0,2510345587.0,29216093.0
35731.0,8.0,799040563.0,301811858.0,198068730.0,9306218.0,54659496.0,317019.0,3026267248.0,8246086929.0,1309215027.0,58366751.0
42608.0,8.0,806254332.0,296093573.0,210803283.0,15184209.0,50836147.0,404188.0,2980348961.0,8343939307.0,1275251834.0,62332298.0
40396.0,8.0,711969921.0,253002738.0,186265835.0,16270229.0,44077721.0,807442.0,2598328873.0,7902151569.0,1102739837.0,74428628.0
44183.0,8.0,669782531.0,228817302.0,170045464.0,16134284.0,46265041.0,454334.0,2359885441.0,8333963571.0,983472257.0,108048419.0
44302.0,0.0,661240106.0,225468660.0,165572471.0,14011991.0,47897540.0,433443.0,2277436479.0,8360984706.0,948778978.0,112596717.0
29405.0,8.0,476259677.0,161648316.0,120161658.0,6826492.0,37366347.0,78480.0,1630651802.0,6383107427.0,671215371.0,96207024.0
41390.0,8.0,615893509.0,197435407.0,143950090.0,5515253.0,54944796.0,594924.0,1977058711.0,8064749111.0,798705763.0,133810377.0
42588.0,8.0,371741350.0,233105427.0,229464878.0,3134098716.0,18781150.0,1005467.0,1961407984.0,8359400986.0,940535046.0,39354784.0
32825.0,0.0,506630222.0,219278353.0,213696671.0,505965446.0,9859672.0,795430.0,4322239430.0,7487020548.0,2074819925.0,16583807.0
32629.0,0.0,680295583.0,257419775.0,179034417.0,11950880.0,42267985.0,937539.0,2531436010.0,7658034738.0,1082878578.0,64653073.0
48886.0,0.0,799168972.0,321483330.0,222580042.0,14533013.0,37343748.0,384920.0,2607620268.0,9960368213.0,1041824896.0,157756112.0
42896.0,5.0,606929440.0,291979752.0,250431180.0,509855697.0,18432960.0,2212659.0,2347639430.0,8082625843.0,921741314.0,167478989.0
37067.0,0.0,469813644.0,277049622.0,272183215.0,504153452.0,7814132.0,975685.0,3511939829.0,8232094217.0,1715541025.0,18899527.0
36097.0,0.0,809051064.0,289990027.0,204704314.0,9524296.0,57442447.0,394909.0,3073248081.0,8390704431.0,1316989438.0,58978156.0
40548.0,0.0,673193777.0,239169019.0,178267074.0,13773381.0,41178811.0,413705.0,2383625211.0,8031288345.0,1001183874.0,98000084.0
36262.0,0.0,655153435.0,231814317.0,161990709.0,1506664.0,50052451.0,218632.0,2111601579.0,8387034128.0,852425313.0,141698840.0
43706.0,0.0,644872613.0,225210440.0,159030659.0,6095918.0,50660666.0,415599.0,2077830490.0,8296210057.0,839487681.0,140658875.0
36546.0,0.0,422826216.0,274677382.0,268026108.0,1965198021.0,12532637.0,973191.0,1924441028.0,7831133100.0,875822439.0,66116170.0
41724.0,8.0,485113568.0,262481260.0,243350143.0,2107273472.0,12998129.0,2101264.0,3100237191.0,8168479156.0,1581640563.0,42559804.0
34848.0,0.0,663550045.0,241583203.0,161736604.0,9428975.0,39260820.0,534089.0,2224958635.0,8156493775.0,941176302.0,118898892.0
39185.0,0.0,635634237.0,369803647.0,277448746.0,5867591.0,9317786.0,1605880.0,2287968934.0,8100336395.0,976744099.0,181010154.0
184886.0,870.0,357942595.0,42632717.0,30114753.0,72074264.0,9387622.0,561615.0,1486230669.0,2278150256.0,684438078.0,10580562.0
49001.0,8.0,488073285.0,98403814.0,91148877.0,1759532101.0,6482200.0,455341.0,5151737945.0,8465013328.0,2487738986.0,57481939.0
39149.0,0.0,376240121.0,117160825.0,112384867.0,1576234111.0,10235447.0,381967.0,3744560401.0,8439590962.0,1800477831.0,63976177.0
40301.0,8.0,398914667.0,196814395.0,188215591.0,994276241.0,16769949.0,348388.0,2919868463.0,8127126672.0,1425131961.0,41071273.0
38469.0,0.0,776992972.0,267062868.0,189126051.0,13935339.0,52157529.0,428126.0,2935708663.0,7908088762.0,1254483743.0,60636608.0
36959.0,0.0,797665190.0,301170597.0,218911959.0,12608726.0,42716737.0,252390.0,2963668872.0,7971921001.0,1259740478.0,65200150.0
43413.0,0.0,838053785.0,326768179.0,247322822.0,17209558.0,38376570.0,436283.0,3127227066.0,8376880028.0,1310550631.0,66592946.0
39694.0,0.0,778345612.0,315700217.0,243788046.0,15792689.0,27850543.0,374904.0,2806781239.0,7912147113.0,1164232524.0,79446532.0
39828.0,0.0,694608190.0,295199009.0,233123841.0,16156930.0,19769561.0,796156.0,2396710793.0,8222896373.0,969652053.0,114522732.0
33264.0,0.0,647673072.0,289662813.0,233088679.0,7052753.0,15612609.0,898008.0,2171950233.0,7954355029.0,852910697.0,125169582.0
41287.0,0.0,715968129.0,330730827.0,266395005.0,5567842.0,14984760.0,1171789.0,2294723261.0,8518326965.0,876884248.0,147450855.0
52105.0,0.0,728247959.0,228012367.0,213572590.0,1391361449.0,12139344.0,1347291.0,7040385939.0,10869375372.0,3396877830.0,43239922.0
51368.0,0.0,1037614938.0,384804798.0,239361032.0,469128491.0,77097258.0,2376966.0,3975690527.0,10859633709.0,1779227329.0,73363307.0
53742.0,0.0,1064568611.0,395287236.0,283274591.0,18116776.0,64455553.0,2363974.0,3917586765.0,10858209526.0,1686569990.0,81202771.0
51141.0,0.0,1018628432.0,364022598.0,264214483.0,15789941.0,64573151.0,986558.0,3699964916.0,10858571030.0,1565414183.0,102581811.0
50924.0,0.0,874756506.0,299554604.0,222065953.0,18772691.0,60256617.0,3412725.0,3013599057.0,10861716729.0,1261128129.0,143757852.0
50965.0,0.0,824545800.0,280867574.0,210900693.0,14963928.0,62412501.0,2673635.0,2771565979.0,10862249011.0,1142221113.0,161608140.0
50765.0,8.0,831100120.0,268200316.0,197657549.0,5435454.0,72959209.0,2494896.0,2673211862.0,10864035904.0,1077698559.0,180579664.0
52666.0,8.0,643072615.0,272434254.0,259756390.0,1221271086.0,13777209.0,2025272.0,5544906809.0,10870783688.0,2650027078.0,40886929.0
51242.0,8.0,1027653454.0,386389087.0,270756275.0,23554469.0,62161388.0,3381747.0,3796856299.0,10858688036.0,1628719490.0,87926148.0
51996.0,8.0,1008016592.0,388195851.0,277685615.0,18951291.0,45359906.0,1925576.0,3585682091.0,10859425003.0,1483331831.0,126071747.0
51810.0,8.0,896015754.0,373242360.0,252763314.0,7621711.0,43357733.0,1748314.0,2901485037.0,10862110174.0,1141473068.0,187226249.0
51865.0,8.0,661663057.0,256055234.0,246298639.0,1573186333.0,12361736.0,613999.0,5966465726.0,10867334736.0,2871733048.0,43895725.0
51364.0,8.0,1070693787.0,391494049.0,272856968.0,16609275.0,72011631.0,1223817.0,4023286602.0,10859309100.0,1724683594.0,74282229.0
52090.0,8.0,841386752.0,299824183.0,212059158.0,10781924.0,61982862.0,637521.0,2810423083.0,10860925895.0,1144253496.0,174363819.0
52985.0,8.0,854364311.0,300105431.0,209248121.0,5742437.0,66829810.0,2401562.0,2750391443.0,10862619198.0,1112028340.0,186053347.0
51569.0,8.0,495057589.0,336319165.0,330665906.0,3637711778.0,22398773.0,1778975.0,2588896959.0,10867086121.0,1242975811.0,46975529.0
51890.0,8.0,1094256502.0,402347330.0,287335898.0,18590955.0,62556452.0,2470929.0,4111452895.0,10859140658.0,1743026320.0,80001949.0
51635.0,8.0,881776911.0,525853115.0,362415745.0,5787148.0,16216795.0,2566372.0,2860304590.0,10859434765.0,1294795056.0,216695191.0
307877.0,855.0,318211643.0,36274480.0,25359552.0,104423265.0,7492181.0,658280.0,1424020481.0,1989102283.0,659033036.0,8131112.0
44246.0,8.0,533553776.0,126679667.0,118050303.0,2298368994.0,6151074.0,1695367.0,5749755395.0,10853854076.0,2766040324.0,87788829.0
44812.0,8.0,527110485.0,272759368.0,261005051.0,1272636417.0,26945053.0,1175072.0,3675469056.0,10855516411.0,1807813924.0,49826020.0
47487.0,8.0,1026580874.0,346046155.0,246785269.0,15131017.0,73509034.0,2230600.0,3914794993.0,10845044638.0,1675422030.0,79321782.0
45452.0,8.0,1074253186.0,408415813.0,298643191.0,14135920.0,55370822.0,840269.0,3988059148.0,10844318430.0,1682746909.0,82099018.0
46674.0,8.0,1021341487.0,406729782.0,309947277.0,17273349.0,40989663.0,1484877.0,3722859021.0,10843310178.0,1561724936.0,90202068.0
46343.0,0.0,910901376.0,391745489.0,309729350.0,14805722.0,27703745.0,1423019.0,3196213798.0,10843865253.0,1295275510.0,139182633.0
45358.0,0.0,904483678.0,421337585.0,333992282.0,4471885.0,20047082.0,1600749.0,2927489315.0,10845309486.0,1128018122.0,180861221.0
44252.0,0.0,498182009.0,273904651.0,262400058.0,4327048508.0,29515895.0,1403800.0,2887306723.0,10852598117.0,1375985946.0,66277809.0
43677.0,0.0,742263368.0,309128305.0,299055409.0,819665080.0,9812371.0,385170.0,6228656611.0,10853878880.0,3025523208.0,29170949.0
45368.0,0.0,1030483965.0,393659045.0,263436796.0,9599913.0,67114135.0,559376.0,3798368591.0,10848179749.0,1646672639.0,75025953.0
45493.0,0.0,1017482215.0,376743411.0,265242726.0,11282567.0,64435965.0,1231547.0,3773048829.0,10845281942.0,1619212786.0,79081909.0
44747.0,0.0,884620175.0,312858975.0,232874538.0,12311396.0,58882543.0,1250935.0,3128904538.0,10846077064.0,1313413291.0,126691426.0
43994.0,0.0,828699146.0,291825185.0,212900598.0,11139921.0,60651746.0,1356074.0,2888257082.0,10845873407.0,1198429164.0,145094901.0
44315.0,0.0,801385989.0,278216964.0,203946167.0,7405240.0,64467614.0,1574731.0,2720861502.0,10847287272.0,1108704964.0,163402409.0
44248.0,5.0,829365964.0,316594263.0,258607948.0,2134558.0,52247497.0,3222739.0,2873187376.0,10845668655.0,1110209192.0,221630099.0
44071.0,8.0,736399596.0,331959327.0,321916872.0,669625103.0,14712314.0,543239.0,5917786213.0,10855558296.0,2892536741.0,23079255.0
44961.0,0.0,1033180143.0,389755029.0,276028243.0,13784766.0,58648217.0,2063200.0,3835705424.0,10843511920.0,1629567198.0,84482460.0
35396.0,0.0,693740139.0,269819632.0,197144536.0,12387310.0,30645532.0,504412.0,2460283531.0,8404523794.0,1012343578.0,104677825.0
40836.0,8.0,648454276.0,267482035.0,185617595.0,9172069.0,31114884.0,513774.0,2142796042.0,8254294114.0,847309878.0,135046989.0
39177.0,0.0,345936902.0,216388644.0,213882624.0,2506794623.0,22104012.0,4019952.0,1869607183.0,8053233404.0,901997553.0,32640653.0
38738.0,0.0,528054663.0,223408351.0,222620768.0,672544360.0,6782206.0,6956030.0,4575432534.0,8276483101.0,2192856519.0,22575474.0
34906.0,8.0,674848764.0,247020423.0,176261395.0,10401174.0,43735591.0,528577.0,2523142343.0,7733172855.0,1080112157.0,57832069.0
36508.0,0.0,633962137.0,223575624.0,168665132.0,12405417.0,38976342.0,338973.0,2226484290.0,8115871877.0,931561710.0,99122934.0
34996.0,0.0,624343093.0,219279008.0,158470031.0,1627609.0,48057484.0,415536.0,2030067878.0,8254602266.0,816268475.0,135295323.0
33579.0,0.0,545642556.0,188605501.0,136195795.0,3285216.0,42644867.0,343392.0,1758687196.0,7166207078.0,710063335.0,118833297.0
39808.0,13.0,584187728.0,296907015.0,268593600.0,288636058.0,18986981.0,6452365.0,2221647021.0,8257199634.0,886935606.0,153579146.0
35305.0,8.0,509456322.0,298521528.0,291384888.0,435192489.0,3096096.0,9803338.0,3861301394.0,8205031008.0,1878673539.0,7929076.0
36726.0,0.0,727080473.0,261523967.0,187449256.0,12533624.0,37626956.0,452105.0,2628803678.0,8310770031.0,1107801094.0,86325932.0
35537.0,8.0,680812662.0,397844913.0,280985782.0,1404522.0,12721927.0,1053831.0,2212482261.0,8557091236.0,1000278347.0,167639691.0
146714.0,778.0,66939930.0,3668374.0,1380766.0,33152961.0,2024141.0,366598.0,326085409.0,497118627.0,178612110.0,977851.0
63455.0,0.0,430615130.0,147625611.0,144868808.0,1970038212.0,27516008.0,4138189.0,3215150835.0,8493197266.0,1581167510.0,38657888.0
36708.0,0.0,374446212.0,109237838.0,100185251.0,1779507918.0,7291256.0,708309.0,3955597800.0,8456103070.0,1876262967.0,67014955.0
35981.0,0.0,404650427.0,204754347.0,196713279.0,956715311.0,19434700.0,455540.0,2814060122.0,8387740055.0,1397649833.0,38687180.0
42300.0,0.0,805105279.0,267209766.0,190816255.0,15887118.0,61618949.0,492138.0,3099110044.0,8471131628.0,1341866861.0,59252091.0
43213.0,0.0,831882340.0,306466392.0,222438809.0,17152249.0,46244397.0,476119.0,3111852744.0,8371061010.0,1330027599.0,62583726.0
40575.0,0.0,824500483.0,312788707.0,236110456.0,17522555.0,38442444.0,386907.0,3044603474.0,8381109641.0,1277330423.0,67125890.0
41468.0,8.0,947285253.0,361984010.0,286153254.0,13066250.0,35277289.0,102802.0,3459685763.0,9867461667.0,1439559561.0,86576004.0
37632.0,0.0,668289891.0,282693800.0,226389795.0,14379193.0,20476921.0,444515.0,2371946039.0,7975275015.0,955883135.0,107750205.0
34343.0,8.0,691328886.0,307656830.0,246145979.0,7451021.0,17667417.0,583433.0,2301354057.0,8330627439.0,907826401.0,129446282.0
37437.0,0.0,670826053.0,310023882.0,248536856.0,5156811.0,14053772.0,390021.0,2157110143.0,7954953687.0,822891239.0,137743862.0
40521.0,0.0,480444429.0,108349357.0,100042137.0,1794092417.0,7887319.0,790810.0,4964956097.0,8041013948.0,2352452772.0,47552011.0
31018.0,8.0,495130374.0,189485552.0,181847022.0,634411586.0,6642271.0,3281049.0,4208102379.0,7377097722.0,2031892843.0,19004682.0
34967.0,0.0,848799772.0,317369897.0,197839523.0,7096570.0,60417540.0,368877.0,3181846125.0,8623327564.0,1386505654.0,54475170.0
45542.0,0.0,844338700.0,314576535.0,223242218.0,14024163.0,53580313.0,701459.0,3140346578.0,8710730103.0,1348822043.0,62664007.0
36250.0,8.0,715907090.0,257868278.0,189909128.0,13512453.0,43264279.0,685004.0,2639502072.0,7534933623.0,1127713929.0,60396985.0
41728.0,8.0,686027428.0,238074674.0,177488348.0,14705857.0,45969994.0,602432.0,2433541783.0,8263701684.0,1020107031.0,99774777.0
42572.0,0.0,643431206.0,220159416.0,162881780.0,14958750.0,47746179.0,461798.0,2221403760.0,8228120776.0,925796232.0,110510651.0
34390.0,8.0,638191489.0,219797560.0,162193829.0,9493353.0,47134244.0,240600.0,2162844966.0,8229736230.0,899559296.0,115735690.0
40174.0,8.0,617266777.0,197925983.0,144373845.0,5256639.0,54946014.0,308587.0,1991502058.0,8115211190.0,804360049.0,134253022.0
42205.0,0.0,630520002.0,275328151.0,238581038.0,126841513.0,29501993.0,3715588.0,2331866542.0,8285334217.0,911117124.0,175698331.0
30323.0,0.0,437590086.0,210275475.0,206053727.0,510500418.0,10914000.0,1670307.0,3528153485.0,7220156543.0,1711172019.0,17756170.0
33752.0,0.0,698234782.0,261365850.0,177786328.0,11811411.0,47517261.0,629984.0,2654080566.0,7478641338.0,1142852453.0,55553198.0
35939.0,0.0,792974652.0,298163356.0,217100256.0,13099421.0,38917834.0,773089.0,2922029391.0,8170277625.0,1229761094.0,71901658.0
34405.0,0.0,669711627.0,267692325.0,190037372.0,11466792.0,30202366.0,361893.0,2285814949.0,8140813463.0,933408958.0,114836197.0
37726.0,0.0,714108621.0,293813737.0,199586114.0,3073236.0,34663318.0,521966.0,2301676605.0,8663380760.0,905694762.0,150265448.0
42338.0,0.0,464925435.0,145033631.0,139772802.0,2464265568.0,16069574.0,605184.0,4064723204.0,8371754594.0,1955872203.0,41078747.0
45065.0,0.0,419850829.0,235026443.0,225824626.0,2417420924.0,3730564.0,3758391.0,3715257945.0,8215475945.0,1901563163.0,41988511.0
