lock_loads,fp_uops,branch,l1_misses,l2_misses,stall_sb,branch_misp,machine_clear,instructions,cycles,loads_and_stores,cache-misses
4415.0,100.0,330989.0,39469.0,25875.0,232068.0,19822.0,164.0,1613487.0,8284671.0,739386.0,57137.0
4398.0,101.0,333614.0,38469.0,24363.0,213140.0,19534.0,9999.0,1609082.0,8134185.0,743938.0,49573.0
4321.0,99.0,322857.0,38106.0,25291.0,218565.0,19522.0,228.0,1602874.0,8462022.0,734188.0,60235.0
4285.0,99.0,332734.0,35593.0,23245.0,176633.0,20777.0,26500.0,1582947.0,8230346.0,716877.0,55797.0
4320.0,99.0,324318.0,34489.0,22496.0,242174.0,19743.0,4164.0,1620024.0,8069151.0,745398.0,56153.0
4361.0,101.0,328315.0,35331.0,22490.0,242249.0,19736.0,1529.0,1593247.0,8005501.0,738258.0,58465.0
4346.0,98.0,330461.0,31501.0,21284.0,210959.0,19673.0,9669.0,1605960.0,8139580.0,742150.0,57969.0
4351.0,100.0,326468.0,30997.0,21635.0,244552.0,19983.0,558.0,1623579.0,8139056.0,743096.0,59195.0
4320.0,101.0,329752.0,31222.0,21856.0,241742.0,19758.0,1700.0,1589342.0,8017441.0,735988.0,58344.0
4430.0,101.0,336172.0,33241.0,22709.0,243331.0,19689.0,507.0,1619353.0,8059275.0,749650.0,58368.0
4353.0,101.0,325134.0,35197.0,22800.0,300859.0,16266.0,4465.0,1637840.0,7988400.0,746886.0,57163.0
4439.0,100.0,330493.0,36241.0,23517.0,297641.0,17590.0,11740.0,1647778.0,8128389.0,756320.0,57778.0
4345.0,98.0,332240.0,37326.0,25250.0,264189.0,19723.0,2422.0,1591909.0,8178314.0,742458.0,57827.0
4256.0,99.0,322286.0,34524.0,23094.0,245171.0,20469.0,9825.0,1573831.0,8111703.0,724846.0,58988.0
4391.0,102.0,333110.0,32368.0,22973.0,238893.0,19422.0,3303.0,1587734.0,8112432.0,737865.0,58148.0
8023054.0,82.0,618173370.0,86490637.0,28017612.0,796384863.0,956364.0,17021536.0,3338123100.0,5245523669.0,1600082934.0,14411276.0
8619491.0,92.0,651424545.0,92088864.0,28254428.0,665382249.0,1255190.0,7932246.0,3528269478.0,5160710970.0,1701805189.0,11346729.0
9968893.0,98.0,756117563.0,98692949.0,31933047.0,706419826.0,1092719.0,13039731.0,4051016637.0,5716657146.0,1929043193.0,10504665.0
2566994.0,91.0,1686610361.0,29574224.0,13051656.0,364161824.0,860444.0,6866529.0,7055942833.0,5572197292.0,3011033000.0,5791787.0
1911834.0,75.0,1730557286.0,21447765.0,9852770.0,269938363.0,671732.0,4449826.0,7088034354.0,5040256896.0,3001670953.0,3142142.0
1446377.0,98.0,1717485476.0,17741613.0,8000554.0,253139529.0,523983.0,2948561.0,7097771816.0,5084116402.0,3019675211.0,3533910.0
3531372.0,107.0,1859195859.0,31723902.0,11745985.0,367911507.0,1124993.0,2883736.0,7934028944.0,6256089820.0,3345133160.0,5434998.0
4358.0,101.0,323937.0,32364.0,21730.0,230819.0,19788.0,579.0,1596819.0,8045213.0,737938.0,58941.0
4365.0,99.0,329125.0,32917.0,21249.0,255427.0,19552.0,169.0,1612371.0,8125823.0,740400.0,59594.0
4419.0,98.0,336482.0,33539.0,22114.0,244370.0,19854.0,448.0,1641954.0,8107488.0,750301.0,58498.0
4373.0,102.0,326093.0,29547.0,20281.0,249189.0,19784.0,242.0,1639084.0,8241458.0,748818.0,59731.0
4357.0,101.0,329325.0,31847.0,22969.0,238562.0,19643.0,3919.0,1591617.0,8123406.0,733258.0,58816.0
4415.0,100.0,334013.0,33547.0,21701.0,244674.0,19766.0,7679.0,1641610.0,8090401.0,754317.0,58062.0
4341.0,97.0,330880.0,33869.0,22160.0,211340.0,20329.0,194.0,1630441.0,8109696.0,749052.0,57290.0
4307.0,98.0,322086.0,33308.0,21595.0,236221.0,20164.0,842.0,1608224.0,8102038.0,729430.0,58509.0
4368.0,100.0,324394.0,29750.0,20896.0,225473.0,18581.0,165.0,1596382.0,8093128.0,740337.0,58057.0
4178.0,100.0,333702.0,32385.0,21419.0,74684.0,19397.0,2846.0,1618165.0,3982898.0,776212.0,9691.0
4398.0,100.0,333833.0,34106.0,22137.0,213366.0,20174.0,2105.0,1603512.0,8182666.0,740106.0,59108.0
4343.0,97.0,316516.0,32360.0,20893.0,231547.0,19778.0,4512.0,1625161.0,7911328.0,743696.0,55837.0
4403.0,101.0,320298.0,32793.0,21997.0,243631.0,19393.0,1357.0,1596490.0,8088690.0,747543.0,58521.0
4381.0,100.0,331474.0,29390.0,21240.0,229639.0,19418.0,703.0,1617634.0,8253260.0,733129.0,58632.0
4379.0,101.0,327553.0,33844.0,22111.0,240008.0,19420.0,579.0,1611415.0,8097385.0,744049.0,58829.0
4322.0,100.0,333472.0,35967.0,22526.0,222802.0,19625.0,122.0,1590366.0,8068374.0,730868.0,57906.0
4400.0,98.0,332442.0,35754.0,22012.0,253568.0,19016.0,137.0,1618749.0,7931909.0,737728.0,56243.0
4382.0,99.0,330243.0,35810.0,22310.0,236597.0,19199.0,228.0,1627561.0,7993292.0,746402.0,56388.0
4343.0,97.0,327250.0,34359.0,21910.0,230786.0,18065.0,277.0,1615464.0,7777288.0,740911.0,56127.0
4398.0,100.0,331155.0,35680.0,22419.0,225507.0,19794.0,1991.0,1610541.0,7947761.0,745730.0,57039.0
4349.0,97.0,325505.0,33332.0,21906.0,211717.0,20104.0,7273.0,1603619.0,8221729.0,734473.0,59381.0
4449.0,102.0,333923.0,35178.0,22304.0,243101.0,19342.0,2266.0,1600921.0,7997256.0,732642.0,58870.0
4314.0,99.0,327484.0,34178.0,21499.0,245618.0,19051.0,3476.0,1571914.0,7927197.0,727705.0,57668.0
4385.0,99.0,331207.0,33740.0,22354.0,239499.0,19467.0,4639.0,1619532.0,8093035.0,750713.0,57530.0
4366.0,96.0,327650.0,33541.0,22582.0,222585.0,17445.0,260.0,1623045.0,7848558.0,741119.0,57355.0
4402.0,100.0,332506.0,35255.0,22137.0,227476.0,19458.0,1648.0,1607673.0,7901123.0,747030.0,56607.0
4332.0,99.0,322740.0,34941.0,22318.0,232922.0,18591.0,6145.0,1607704.0,8192349.0,733787.0,59500.0
4336.0,99.0,328063.0,36730.0,23542.0,228582.0,19569.0,881.0,1587395.0,8110047.0,733685.0,58326.0
4315.0,100.0,328777.0,34853.0,22095.0,247820.0,18937.0,641.0,1601956.0,7951366.0,734224.0,56767.0
4425.0,102.0,322828.0,34317.0,21339.0,263892.0,18729.0,2684.0,1625490.0,8046418.0,748746.0,57653.0
4320.0,97.0,325104.0,34699.0,22831.0,270104.0,18836.0,2513.0,1593262.0,8223681.0,740566.0,59730.0
4352.0,100.0,329854.0,34036.0,22190.0,235382.0,19672.0,928.0,1595692.0,8037861.0,734132.0,59211.0
4199.0,97.0,326719.0,32986.0,21920.0,212406.0,19678.0,105.0,1575987.0,7959535.0,715631.0,59272.0
4487.0,102.0,323406.0,33013.0,21936.0,187440.0,19234.0,494.0,1673704.0,7389925.0,764708.0,47246.0
4356.0,100.0,330798.0,33731.0,21881.0,243214.0,20487.0,2574.0,1592679.0,8296425.0,728191.0,61123.0
4444.0,96.0,323154.0,32487.0,22318.0,171328.0,17917.0,113.0,1565363.0,6532743.0,755746.0,36525.0
4365.0,98.0,328149.0,35967.0,22966.0,229399.0,19691.0,2620.0,1629858.0,8127338.0,748317.0,57625.0
4446.0,101.0,330592.0,33955.0,22031.0,258291.0,18060.0,10626.0,1625068.0,7965986.0,749863.0,55156.0
4373.0,100.0,325871.0,35185.0,21532.0,225499.0,20116.0,3551.0,1593388.0,8300787.0,736093.0,58866.0
4377.0,101.0,329010.0,29751.0,20637.0,241312.0,19485.0,1301.0,1629549.0,8114663.0,740539.0,57939.0
4339.0,102.0,336479.0,39137.0,26290.0,208420.0,20443.0,89.0,1657786.0,8699637.0,753969.0,63457.0
4388.0,100.0,331844.0,38836.0,25612.0,236771.0,20381.0,387.0,1617508.0,8518247.0,739971.0,61152.0
4308.0,99.0,327323.0,38619.0,25779.0,237077.0,20652.0,172.0,1610319.0,8489790.0,735261.0,61709.0
4381.0,99.0,331652.0,34911.0,23112.0,223550.0,20640.0,3218.0,1622125.0,8030453.0,741754.0,58150.0
4363.0,100.0,325440.0,35528.0,23161.0,238343.0,19538.0,5801.0,1598285.0,8223363.0,735895.0,58297.0
4353.0,101.0,325844.0,38749.0,24875.0,225518.0,19913.0,142.0,1600937.0,8313176.0,736448.0,59496.0
4279.0,100.0,325754.0,38956.0,26161.0,204139.0,20243.0,132.0,1600755.0,8388517.0,740261.0,59721.0
4323.0,100.0,327179.0,38471.0,25422.0,231907.0,18739.0,127.0,1593751.0,8243350.0,731864.0,58301.0
4350.0,100.0,329062.0,38232.0,25142.0,234445.0,19824.0,78.0,1602573.0,8429933.0,733275.0,59324.0
4323.0,100.0,324927.0,38146.0,25329.0,232650.0,19818.0,156.0,1594516.0,8308704.0,735771.0,59370.0
4326.0,98.0,330977.0,38338.0,25466.0,211761.0,20948.0,6881.0,1628341.0,8515624.0,729898.0,58446.0
4411.0,99.0,333550.0,37454.0,23951.0,234767.0,19648.0,9636.0,1655347.0,8190242.0,753166.0,56348.0
4335.0,98.0,333805.0,39923.0,25885.0,218565.0,19996.0,176.0,1606121.0,8319801.0,741087.0,59051.0
4359.0,100.0,326942.0,38609.0,24980.0,222378.0,18719.0,105.0,1603461.0,8223186.0,736075.0,57758.0
4413.0,101.0,330210.0,39469.0,26171.0,229639.0,19668.0,12051.0,1628483.0,8437562.0,749289.0,57535.0
4459.0,102.0,332398.0,37894.0,24126.0,196242.0,19487.0,8256.0,1601346.0,8099871.0,750022.0,56721.0
4304.0,99.0,333961.0,39358.0,25839.0,232858.0,18651.0,1091.0,1588117.0,8228737.0,736664.0,57626.0
4283.0,99.0,324092.0,38369.0,25398.0,272367.0,16200.0,278.0,1586493.0,8086833.0,731296.0,58078.0
4449.0,100.0,329333.0,39275.0,25390.0,234601.0,18806.0,132.0,1620646.0,8292681.0,742760.0,57968.0
4365.0,98.0,328973.0,39175.0,25030.0,187727.0,16616.0,9494.0,1621109.0,7435004.0,743709.0,48361.0
4214.0,98.0,323449.0,38164.0,25277.0,227956.0,18042.0,145.0,1567410.0,8045880.0,726415.0,57772.0
4485.0,100.0,335611.0,40065.0,25801.0,271114.0,16340.0,8289.0,1621359.0,8350220.0,734925.0,58059.0
4282956.0,107.0,301048511.0,37748645.0,12404075.0,306850722.0,494878.0,5329969.0,1598242585.0,2240804979.0,770680331.0,4428786.0
4376.0,99.0,326122.0,35170.0,23268.0,262866.0,15949.0,4101.0,1632199.0,7877983.0,751933.0,56099.0
4434.0,101.0,329218.0,37085.0,23622.0,234403.0,16301.0,1168.0,1621265.0,7908775.0,744498.0,56914.0
4439.0,102.0,334664.0,36000.0,24075.0,229584.0,18868.0,19358.0,1601234.0,8092769.0,739289.0,58461.0
4390.0,100.0,332913.0,33912.0,21861.0,228924.0,19885.0,505.0,1617760.0,8097666.0,748693.0,57755.0
4334.0,99.0,327856.0,33954.0,22018.0,237110.0,19412.0,5284.0,1601611.0,8083088.0,735799.0,59113.0
4371.0,104.0,335051.0,33751.0,22191.0,240468.0,19702.0,2262.0,1625133.0,7995129.0,753241.0,56862.0
4304.0,100.0,329537.0,32929.0,22300.0,234897.0,19046.0,2108.0,1596306.0,7983621.0,739226.0,57579.0
4398.0,99.0,332731.0,30089.0,21640.0,214902.0,18679.0,453.0,1636193.0,8131885.0,751197.0,59015.0
1965663.0,105.0,137331405.0,15525308.0,4980559.0,138901746.0,260871.0,5402007.0,731035596.0,994233459.0,353348185.0,1884280.0
4372.0,98.0,326958.0,32945.0,21664.0,225005.0,20194.0,17050.0,1598496.0,8193862.0,744115.0,59326.0
3154415.0,107.0,222644122.0,27795960.0,9052556.0,221599433.0,455354.0,1247510.0,1179910546.0,1686388406.0,567387935.0,3589206.0
9623583.0,100.0,674799858.0,84613422.0,27640980.0,595273754.0,1184117.0,3637622.0,3563440094.0,4967148149.0,1728465402.0,8663311.0
8503063.0,75.0,612832998.0,77636451.0,25391160.0,759373324.0,989158.0,4737691.0,3265538892.0,5059441966.0,1588006006.0,14048257.0
10239415.0,84.0,772315512.0,104222046.0,34577595.0,1031851779.0,1027521.0,6036389.0,4155434621.0,6604698780.0,2036170585.0,18970182.0
9803104.0,92.0,772254550.0,98166664.0,31379367.0,521953841.0,1246838.0,8370594.0,4167900344.0,5414235192.0,1979765467.0,5632385.0
10795093.0,94.0,848552181.0,110234074.0,35588953.0,740544901.0,1446788.0,10825041.0,4571912992.0,6292795138.0,2169274757.0,9993700.0
9150053.0,119.0,709131932.0,91696628.0,27917169.0,686691426.0,1167466.0,12083949.0,3769963555.0,5280415189.0,1820801291.0,9790093.0
9525002.0,94.0,730191324.0,97183656.0,30444797.0,954582112.0,1207858.0,13475530.0,3915167946.0,6043757327.0,1892571966.0,17161439.0
9525031.0,82.0,753474343.0,97132252.0,30697442.0,514149009.0,1467472.0,9256846.0,3990201301.0,5296946359.0,1916589068.0,4787687.0
8880565.0,102.0,696926017.0,87871192.0,27544229.0,684961978.0,1238546.0,5654735.0,3738228926.0,5359532150.0,1792381095.0,10836180.0
7855966.0,82.0,600957334.0,85309871.0,24475550.0,743747949.0,1212639.0,7573020.0,3315306714.0,5056186746.0,1588081872.0,13570458.0
9055483.0,91.0,692195224.0,98337374.0,27381537.0,765400778.0,1508094.0,8720165.0,3785809679.0,5357954184.0,1814706908.0,12870273.0
9388695.0,112.0,713687342.0,92882040.0,27319442.0,748921199.0,1441886.0,11078388.0,3807036812.0,5483852280.0,1812095289.0,12547231.0
10087629.0,90.0,765444345.0,111371928.0,31810419.0,908475313.0,1699441.0,3161958.0,4169801275.0,6285446177.0,2006303469.0,16172820.0
8794270.0,98.0,678023619.0,98561411.0,27575200.0,571115631.0,1425601.0,3949388.0,3705336817.0,5089730320.0,1791750898.0,7998794.0
9988005.0,115.0,758520792.0,104734178.0,31277701.0,844627037.0,1401223.0,3653842.0,4097705885.0,6051317843.0,1967788632.0,14440867.0
8175480.0,100.0,618641721.0,83089753.0,26631919.0,747613890.0,1054177.0,2487280.0,3297804016.0,5070975488.0,1575562679.0,13992473.0
9827553.0,90.0,742214498.0,98666653.0,29737267.0,925296368.0,1188505.0,12083426.0,3995833531.0,5853949413.0,1913485544.0,16643239.0
8250579.0,96.0,626086439.0,84450666.0,25746635.0,795238574.0,1083677.0,24056975.0,3354974494.0,5101967859.0,1604134713.0,14495999.0
9699336.0,86.0,714427548.0,93978340.0,29412609.0,819889096.0,1163489.0,3942872.0,3792888828.0,5726945683.0,1809816997.0,15248237.0
8217544.0,109.0,606478934.0,79123813.0,25323359.0,741262679.0,1034573.0,8877816.0,3202959417.0,4978062720.0,1527334262.0,13260233.0
17700234.0,74.0,1327112845.0,173143623.0,52002052.0,1723630622.0,2079751.0,6720168.0,7169751839.0,10677179962.0,3480846204.0,29653223.0
8454084.0,96.0,648676087.0,80356042.0,23257252.0,774407580.0,1040649.0,7700016.0,3452761452.0,4968523434.0,1631230851.0,13988167.0
10366992.0,94.0,793880419.0,94219078.0,28228345.0,853594364.0,1030793.0,8225836.0,4218817691.0,5862012262.0,1995389428.0,15372773.0
9616421.0,126.0,726387514.0,91097265.0,27672080.0,863256040.0,973079.0,5145474.0,3882813983.0,5695880090.0,1857089802.0,15906785.0
9325313.0,106.0,708415956.0,92655520.0,29206554.0,845776396.0,1243063.0,2406456.0,3743442502.0,5736021140.0,1790953815.0,15520917.0
9958281.0,116.0,762842337.0,110682412.0,31453030.0,483917523.0,1783309.0,4771749.0,4231189679.0,5433064550.0,2036325316.0,4782639.0
8241637.0,126.0,625369426.0,93112298.0,26233562.0,763744084.0,1290157.0,2737801.0,3473891794.0,5238311655.0,1671400628.0,14135883.0
4555266.0,110.0,1275197617.0,51334779.0,16217257.0,455143948.0,1432717.0,1904650.0,5546051068.0,5265333031.0,2422790082.0,7794696.0
5082726.0,116.0,1417059567.0,56516597.0,17602181.0,521335440.0,1652145.0,3419483.0,6222194365.0,5840959788.0,2706537907.0,8655133.0
5254919.0,110.0,1464544182.0,58956752.0,19233598.0,538435421.0,1440585.0,2862539.0,6387726492.0,6086756578.0,2797968947.0,8845840.0
4359172.0,97.0,1224228912.0,48588245.0,15891189.0,466447356.0,1059262.0,3986509.0,5342897928.0,5016969400.0,2326299494.0,7770886.0
2552089.0,88.0,1681362205.0,29323726.0,10075667.0,324385583.0,1033231.0,1843992.0,6924186824.0,5252238994.0,2966180182.0,5044776.0
2787193.0,114.0,1823849344.0,31204992.0,11997669.0,308521529.0,1018446.0,3299668.0,7629345563.0,5916973788.0,3264193885.0,5230641.0
2259792.0,86.0,1495556644.0,26256182.0,10546570.0,288483553.0,1235110.0,1209949.0,6213916605.0,5055967801.0,2665184865.0,4713362.0
2264431.0,110.0,1501301280.0,25664728.0,10552265.0,284641473.0,1086231.0,1272151.0,6252845466.0,5090364590.0,2669046887.0,5063942.0
2238360.0,85.0,1468553531.0,25716904.0,10661033.0,297280587.0,1151051.0,1346903.0,6088451068.0,5019469123.0,2602320440.0,4822476.0
2280616.0,110.0,1478281460.0,25947925.0,10591659.0,302548203.0,1040716.0,1282160.0,6180903048.0,5045283659.0,2632621493.0,4992529.0
2238793.0,78.0,1457691726.0,25789062.0,11034375.0,298872950.0,1012904.0,1954874.0,6088787944.0,4983315075.0,2587723298.0,5046638.0
2667659.0,99.0,1768519239.0,29723561.0,12078745.0,331532480.0,1032126.0,1744409.0,7297481850.0,5952497806.0,3121548475.0,5631953.0
1772094.0,80.0,1646701208.0,21036722.0,10228992.0,281179833.0,738164.0,1999961.0,6864820252.0,5280155334.0,2916933941.0,4440358.0
1882090.0,113.0,1714299017.0,21769249.0,10010480.0,248662345.0,803229.0,3381133.0,6944513186.0,5307373228.0,2928754722.0,3677008.0
1752901.0,105.0,1642818896.0,20794072.0,8321718.0,217378232.0,747595.0,1975730.0,6708942630.0,5056924856.0,2855398318.0,3674173.0
1787630.0,117.0,1640919597.0,21354897.0,8996118.0,276964501.0,934140.0,1963787.0,6780493685.0,5261369943.0,2877862646.0,4719368.0
2164080.0,115.0,2060802867.0,25154760.0,11338340.0,282897125.0,935810.0,1145872.0,8434973406.0,6493568765.0,3574780935.0,5055208.0
1687462.0,77.0,1584827265.0,20207745.0,9338013.0,239648250.0,817562.0,659742.0,6499699466.0,5058331329.0,2763795800.0,3865885.0
1786049.0,114.0,1666588550.0,21384540.0,8051605.0,245756592.0,841494.0,1309481.0,6968407352.0,5081354775.0,2956099597.0,3990849.0
1867418.0,90.0,1721962491.0,21974540.0,9037012.0,260138213.0,892800.0,5394218.0,7070839015.0,5256638467.0,2998812446.0,4265303.0
1808492.0,79.0,1698549786.0,22475160.0,10093363.0,240856400.0,1005954.0,1091353.0,7044784725.0,5489380837.0,2991006768.0,3809069.0
1767008.0,119.0,1678113775.0,20483610.0,9487062.0,249386194.0,747668.0,752856.0,6904431112.0,5363010364.0,2924343758.0,4408828.0
1332966.0,96.0,1632544947.0,15804520.0,7594928.0,242999260.0,661068.0,648969.0,6695023478.0,5095411245.0,2831780860.0,3773700.0
1391971.0,90.0,1672797471.0,17134759.0,8288317.0,271353972.0,673208.0,2470704.0,6717777679.0,5155384602.0,2869934018.0,3632263.0
1383363.0,96.0,1728607296.0,18742665.0,8369762.0,135060980.0,736825.0,2719491.0,7135066111.0,5205127255.0,3025277501.0,1763052.0
1418321.0,80.0,1710299905.0,17324412.0,8476316.0,249834146.0,906960.0,820272.0,6915894821.0,5287300535.0,2934614644.0,3214142.0
1318025.0,89.0,1609911051.0,15929623.0,8028402.0,263344245.0,681140.0,1119856.0,6581551579.0,5039841965.0,2806277836.0,4270797.0
3014788.0,96.0,3732474513.0,32741517.0,12394000.0,280179411.0,1205944.0,1073854.0,15308442721.0,10821339446.0,6490511343.0,3134935.0
1345150.0,83.0,1680539450.0,17331968.0,8277726.0,279142170.0,906018.0,1775515.0,6900863974.0,4981859141.0,2916312484.0,3555859.0
1453876.0,131.0,1767793183.0,17835531.0,7040383.0,241807641.0,791820.0,1440323.0,7112197682.0,5094393921.0,3036040190.0,2741489.0
1450429.0,103.0,1765427669.0,17824407.0,7526448.0,220743032.0,701388.0,1075009.0,7165942683.0,5244187128.0,3039083557.0,3586160.0
1338334.0,57.0,1696037609.0,17138057.0,8136664.0,286911175.0,861387.0,3458218.0,6858496674.0,5098120894.0,2915858866.0,3800388.0
1392833.0,90.0,1723173553.0,17307664.0,7928969.0,246781055.0,896592.0,992686.0,6904073164.0,5261063334.0,2954234347.0,3368388.0
1380506.0,95.0,1652491325.0,15198802.0,7730334.0,214983548.0,716886.0,513839.0,6598318291.0,5055930973.0,2842429944.0,2983301.0
1477290.0,51.0,1737080497.0,16888260.0,7897132.0,227213086.0,693145.0,798176.0,7044596084.0,5163441290.0,2974089730.0,3576400.0
5408146.0,100.0,1404029717.0,40552682.0,13938335.0,373627555.0,1079929.0,3746769.0,6259399963.0,5309091870.0,2643746171.0,5511047.0
10490746.0,109.0,967273498.0,71583348.0,21426806.0,336408233.0,1450648.0,10174348.0,5143963168.0,5138987045.0,2114096776.0,3642431.0
10168773.0,104.0,931307281.0,73265127.0,22092047.0,413818110.0,1309137.0,10220073.0,4954904870.0,5191683335.0,2041177023.0,5467644.0
4310.0,102.0,332623.0,35304.0,23399.0,215005.0,15794.0,530.0,1587423.0,7339839.0,724651.0,55139.0
4451.0,101.0,340154.0,36766.0,23315.0,196157.0,18531.0,1264.0,1649284.0,7818837.0,757774.0,56977.0
4416.0,99.0,336156.0,40755.0,26074.0,182436.0,19243.0,381.0,1598071.0,8052706.0,754897.0,57388.0
4346.0,99.0,338369.0,38631.0,25394.0,220916.0,18822.0,151.0,1595040.0,7960661.0,735617.0,57263.0
4452.0,100.0,343554.0,39064.0,26062.0,191244.0,19048.0,145.0,1625687.0,7951068.0,748613.0,57894.0
4419.0,100.0,329950.0,38121.0,25036.0,203064.0,18620.0,124.0,1639436.0,7940617.0,752032.0,57301.0
4403.0,99.0,335057.0,39076.0,25753.0,232260.0,18040.0,100.0,1615577.0,7886002.0,747193.0,57299.0
4383.0,96.0,331983.0,37510.0,24102.0,243709.0,13771.0,1657.0,1603589.0,7561923.0,744831.0,55009.0
4331.0,99.0,337014.0,40185.0,25312.0,230739.0,17549.0,9368.0,1623304.0,7979095.0,745621.0,55602.0
4366.0,100.0,334962.0,38701.0,25703.0,202517.0,20264.0,254.0,1617110.0,8140574.0,736929.0,59592.0
4392.0,99.0,332826.0,40173.0,26033.0,213109.0,19653.0,136.0,1612969.0,7989596.0,748938.0,57739.0
4425.0,102.0,338399.0,38034.0,25039.0,185938.0,19851.0,2041.0,1641297.0,7830390.0,744766.0,57371.0
4375.0,101.0,337772.0,37903.0,24822.0,186788.0,19532.0,7061.0,1641349.0,8109671.0,757019.0,59156.0
4290.0,98.0,331295.0,37919.0,25067.0,184779.0,19135.0,100.0,1554591.0,7967650.0,722218.0,57298.0
4401.0,99.0,330673.0,39573.0,25857.0,180666.0,19736.0,176.0,1598180.0,7916349.0,749523.0,58209.0
4416.0,101.0,331466.0,38886.0,26238.0,196480.0,19843.0,6818.0,1626709.0,8261666.0,762230.0,58862.0
4409.0,100.0,323081.0,38086.0,24486.0,200021.0,20035.0,9732.0,1627931.0,7727310.0,748614.0,51904.0
4389.0,100.0,336622.0,39234.0,25657.0,204726.0,19852.0,261.0,1613866.0,8003546.0,741967.0,56825.0
4439.0,101.0,329976.0,27922.0,20154.0,30665.0,17730.0,146.0,1521218.0,3067064.0,711070.0,2385.0
4332.0,101.0,328161.0,33235.0,21888.0,190855.0,21098.0,3467.0,1649121.0,7821101.0,771833.0,59749.0
4521.0,98.0,340963.0,33968.0,22440.0,192926.0,20256.0,11207.0,1634344.0,7893039.0,755905.0,58613.0
4437.0,96.0,338785.0,33264.0,21643.0,201900.0,20007.0,4328.0,1638250.0,7787143.0,760236.0,58479.0
4300.0,99.0,338513.0,34078.0,22287.0,176530.0,20427.0,1354.0,1628086.0,7835880.0,747496.0,58634.0
4431.0,101.0,338156.0,32792.0,21477.0,190699.0,19990.0,1747.0,1606429.0,7848628.0,747317.0,57302.0
4406.0,98.0,328798.0,33972.0,21627.0,187416.0,20886.0,199.0,1618698.0,7832679.0,747828.0,57925.0
4377.0,100.0,332486.0,34974.0,21974.0,167854.0,19509.0,170.0,1633952.0,7852247.0,737340.0,58729.0
4375.0,99.0,333146.0,33841.0,22221.0,190674.0,19588.0,3518.0,1628192.0,7898050.0,734266.0,58751.0
4423.0,101.0,334228.0,35655.0,22456.0,190953.0,19400.0,1670.0,1630320.0,7655494.0,760222.0,55514.0
4419.0,101.0,337928.0,33717.0,22180.0,186541.0,20180.0,424.0,1631266.0,7920776.0,746239.0,58628.0
4358.0,100.0,325113.0,35544.0,22298.0,165658.0,20102.0,3468.0,1614595.0,8010098.0,741065.0,58790.0
4296.0,99.0,325512.0,35047.0,21303.0,175514.0,19438.0,122.0,1591459.0,7631437.0,727043.0,57944.0
4382.0,99.0,339138.0,34601.0,21423.0,194467.0,19579.0,143.0,1597797.0,7765804.0,735481.0,57420.0
4416.0,99.0,336224.0,36690.0,22801.0,179445.0,20041.0,1773.0,1618309.0,7912517.0,748114.0,58666.0
4399.0,102.0,331048.0,36069.0,23153.0,198836.0,19544.0,169.0,1642609.0,7876650.0,746608.0,57760.0
4313.0,96.0,325295.0,33557.0,22141.0,169837.0,18236.0,479.0,1601702.0,7665350.0,743368.0,56898.0
4382.0,100.0,331158.0,34480.0,22120.0,180663.0,19943.0,347.0,1614807.0,7963389.0,740308.0,59680.0
9479866.0,105.0,662400435.0,86463047.0,27358896.0,808038974.0,1300325.0,5041786.0,3542296208.0,5422244935.0,1705164666.0,14850609.0
8516268.0,97.0,597602003.0,78591034.0,25300012.0,742321124.0,1018543.0,4560015.0,3174616725.0,4945406737.0,1527522047.0,13589404.0
7497721.0,105.0,558776854.0,78735802.0,25338279.0,801300417.0,868210.0,14302350.0,3017822128.0,4976387673.0,1473411350.0,14140536.0
8460475.0,77.0,635260098.0,88770197.0,27332592.0,840746873.0,882023.0,12731210.0,3435924603.0,5363418415.0,1684324293.0,15525788.0
8650870.0,102.0,679971111.0,89985182.0,27533299.0,843012367.0,1229437.0,11605879.0,3668689046.0,5526452055.0,1733258588.0,15187350.0
7735145.0,94.0,606041152.0,80625259.0,25152936.0,745159469.0,930108.0,3524243.0,3275450855.0,4984782276.0,1549511340.0,13789798.0
7956370.0,104.0,611863189.0,85428596.0,27596258.0,810133159.0,1022397.0,3215134.0,3283967339.0,5215243377.0,1583577329.0,14404309.0
10129638.0,95.0,776760735.0,108119018.0,34986289.0,1045501207.0,1117246.0,9520592.0,4139351135.0,6633767820.0,2006635056.0,18017102.0
8162897.0,85.0,637015070.0,88610569.0,28813744.0,834143979.0,914968.0,3506392.0,3406565844.0,5465584662.0,1639538479.0,14768447.0
8758607.0,88.0,683886647.0,92140528.0,28172169.0,794761646.0,978360.0,21793199.0,3667121311.0,5663524256.0,1758720489.0,15025718.0
9560563.0,104.0,730214518.0,109775712.0,31004402.0,896133157.0,1593514.0,7756414.0,4025395723.0,6163859888.0,1933534964.0,16002731.0
7751981.0,77.0,588526762.0,90679715.0,26829087.0,739949423.0,1138782.0,9967267.0,3264007915.0,5134800255.0,1568837875.0,13408032.0
14799056.0,100.0,1117178017.0,135549600.0,40858608.0,1348009313.0,2065295.0,29717954.0,5970297142.0,8803587087.0,2850192177.0,23711327.0
8221026.0,85.0,629757680.0,91098436.0,25257866.0,767781831.0,1551597.0,5559730.0,3455271327.0,5186271034.0,1672061596.0,13839077.0
9742921.0,84.0,746388244.0,96165468.0,27462072.0,915077666.0,1261612.0,10910327.0,4096412432.0,5886486285.0,1977190636.0,16422990.0
9475922.0,113.0,717667235.0,91536357.0,27532540.0,799601786.0,1317626.0,6963110.0,3844081030.0,5504221559.0,1838275320.0,13449492.0
8952130.0,103.0,678587796.0,87560657.0,26479610.0,859630151.0,1092688.0,27870863.0,3608179384.0,5423773613.0,1728262555.0,15381298.0
9479922.0,114.0,716923486.0,98545859.0,30821068.0,894445828.0,1249391.0,8915881.0,3850607479.0,5902612903.0,1843150161.0,16156967.0
8963552.0,135.0,677550203.0,87982334.0,27597657.0,714600071.0,1304845.0,5215609.0,3650355716.0,5307528986.0,1750990455.0,11369377.0
18134546.0,69.0,1332162025.0,192022950.0,60649833.0,1397139858.0,1702233.0,2535050.0,7082696681.0,10828230146.0,3375113163.0,24966441.0
9388572.0,74.0,703515401.0,98014019.0,31589710.0,928421684.0,1118683.0,6349619.0,3812253855.0,6019913400.0,1845533558.0,16922569.0
8926227.0,127.0,672843536.0,93702759.0,30396365.0,903011635.0,1086739.0,7404262.0,3634898500.0,5788435322.0,1756678930.0,16280671.0
10546680.0,85.0,805134292.0,107765272.0,33379372.0,964551622.0,1316430.0,6756625.0,4280014010.0,6506710192.0,2028015692.0,17235479.0
8703216.0,94.0,666837891.0,82723028.0,24334550.0,792299841.0,1176643.0,5508558.0,3533990708.0,5021927914.0,1675241053.0,13998767.0
9388455.0,63.0,709027086.0,90290003.0,27824911.0,854501228.0,1052877.0,13175779.0,3783156412.0,5677674945.0,1809657618.0,15127162.0
9652946.0,73.0,736673183.0,96698979.0,28300264.0,836519687.0,1441998.0,33466267.0,4024963070.0,5760503997.0,1933875052.0,13286089.0
7833633.0,100.0,596839680.0,89457259.0,25114247.0,730460097.0,1436794.0,3662577.0,3277840747.0,5009759407.0,1581961787.0,13357441.0
6298256.0,107.0,871381496.0,71160087.0,20860590.0,607844178.0,1563333.0,3416086.0,4269968595.0,5058883594.0,1931621471.0,10759610.0
4547138.0,105.0,1269397695.0,50747845.0,16065249.0,469045668.0,1472266.0,3811371.0,5486160554.0,5302933501.0,2411963679.0,7902849.0
4844752.0,79.0,1351808412.0,53575502.0,17195944.0,498935434.0,1553892.0,3615001.0,5919741622.0,5652703222.0,2581974261.0,8264226.0
5023078.0,95.0,1399621633.0,53919010.0,17279353.0,511814009.0,1612484.0,3447637.0,6102497973.0,5846536108.0,2669344946.0,8451144.0
4482215.0,94.0,1571648594.0,45361021.0,15281607.0,315728166.0,1388485.0,1981001.0,6599816768.0,5705032127.0,2884424633.0,4027044.0
2553693.0,95.0,1665711576.0,29697884.0,12267798.0,330154727.0,1046509.0,1836812.0,6899453253.0,5677400467.0,2966292440.0,5429269.0
2418279.0,103.0,1579835673.0,27152079.0,9902796.0,288248873.0,943532.0,3277705.0,6549503057.0,5077433660.0,2787812591.0,4712370.0
2673167.0,89.0,1765884322.0,30295433.0,12012516.0,350065976.0,1050762.0,10544055.0,7298398328.0,5705676624.0,3118088073.0,5407035.0
2452955.0,79.0,1596724826.0,28239785.0,11649138.0,310857859.0,1200339.0,1803823.0,6710731610.0,5464941903.0,2862434149.0,5113627.0
2343457.0,105.0,1529262904.0,26168766.0,10744596.0,245375659.0,1029311.0,2222351.0,6351329792.0,5050832089.0,2705980699.0,3724330.0
2232820.0,101.0,1467138135.0,24814100.0,10634199.0,286568175.0,793058.0,2018320.0,6115780014.0,4995115669.0,2627862367.0,5093955.0
2527274.0,90.0,1651020920.0,27965244.0,10561537.0,292958351.0,774087.0,2733285.0,6860838732.0,5019832293.0,2928999749.0,4626882.0
2425920.0,114.0,1598317125.0,26346514.0,9897057.0,294675823.0,776754.0,5392553.0,6619679226.0,5047140636.0,2839873211.0,4562198.0
1664102.0,121.0,1555773504.0,20192377.0,9610539.0,258171312.0,844847.0,3450429.0,6477279798.0,4933105410.0,2758166284.0,4288548.0
