bzip_lock_loads,bzip_fp_uops,bzip_branch,bzip_l1_misses,bzip_l2_misses,bzip_stall_sb,bzip_branch_misp,bzip_machine_clear,mcf_instructions,mcf_cycles,mcf_loads_and_stores,mcf_cache-misses,redis_instructions,redis_cycles,redis_loads_and_stores,redis_cache-misses,bzip_ipc
44590.0,0.0,1367834797.0,107115103.0,63612671.0,874673994.0,103883481.0,2289557.0,2696712685.0,10858202447.0,1090570514.0,182559204.0,1613487.0,8284671.0,739386.0,57137.0,0.8195816718213862
44980.0,0.0,1800103980.0,138471461.0,85180178.0,683748366.0,103975429.0,2171800.0,2992017237.0,10857680851.0,1176578428.0,218990502.0,1609082.0,8134185.0,743938.0,49573.0,1.0344706876241074
45973.0,0.0,1356519827.0,115169642.0,64591553.0,805422915.0,103552045.0,2395285.0,4253815547.0,10862026979.0,2071847054.0,63471372.0,1602874.0,8462022.0,734188.0,60235.0,0.8237692036526233
45977.0,0.0,1425223127.0,119162914.0,75409771.0,970135780.0,83555458.0,2330653.0,2814671499.0,10857744219.0,1222835594.0,199434194.0,1582947.0,8230346.0,716877.0,55797.0,0.8314144822302653
55303.0,8.0,1510763183.0,110935542.0,59599111.0,871087743.0,114430832.0,3819248.0,4873527374.0,10851673361.0,2388395138.0,51768624.0,1620024.0,8069151.0,745398.0,56153.0,0.8855342579898543
53668.0,8.0,1483612216.0,114694334.0,68938714.0,706747094.0,106045254.0,2671222.0,4580422575.0,10849748097.0,2234686004.0,72770025.0,1593247.0,8005501.0,738258.0,58465.0,0.8781427073352736
52699.0,8.0,1548074202.0,131484426.0,78755899.0,717161600.0,87426839.0,2972801.0,3758589560.0,10848349878.0,1883905298.0,89067902.0,1605960.0,8139580.0,742150.0,57969.0,0.8879896350134023
51701.0,8.0,1476813593.0,76958000.0,56090069.0,231336392.0,91049385.0,1788459.0,4105716616.0,10845625297.0,1742813161.0,84521098.0,1623579.0,8139056.0,743096.0,59195.0,0.7517780634642601
64283.0,8.0,1800561141.0,71105939.0,45364116.0,657418453.0,63763463.0,2594117.0,4110005659.0,10849262655.0,1722854636.0,86474205.0,1589342.0,8017441.0,735988.0,58344.0,1.112121061220045
64028.0,8.0,1874495873.0,66618144.0,44986605.0,692252843.0,64087774.0,2743393.0,3413017775.0,10850820083.0,1390968150.0,137342858.0,1619353.0,8059275.0,749650.0,58368.0,1.0894233112395624
52178.0,8.0,1809307397.0,105690393.0,88609909.0,539147344.0,51634604.0,3195618.0,2942015492.0,10849020681.0,1163929684.0,169086918.0,1637840.0,7988400.0,746886.0,57163.0,0.9770089819262197
53078.0,8.0,2064076060.0,120412185.0,100018995.0,597681285.0,61115393.0,3479435.0,3060990565.0,10851662637.0,1238164333.0,188149334.0,1647778.0,8128389.0,756320.0,57778.0,1.136618803748927
104785.0,8.0,1942116539.0,94570091.0,73056427.0,399678569.0,73234548.0,1772440.0,5185825086.0,10857156676.0,2509607833.0,21712263.0,1591909.0,8178314.0,742458.0,57827.0,1.0333997901509968
52979.0,8.0,1967164122.0,118427137.0,101171009.0,469701471.0,45108155.0,2320605.0,3935325832.0,10846777605.0,1715121240.0,76692782.0,1573831.0,8111703.0,724846.0,58988.0,1.0836993550088119
52864.0,8.0,1951948709.0,119805364.0,101162122.0,500750136.0,46145276.0,3059642.0,3829000929.0,10845287268.0,1648628751.0,83256785.0,1587734.0,8112432.0,737865.0,58148.0,1.0531383754530326
41356.0,8.0,1479019893.0,92264269.0,80506603.0,358823123.0,30142117.0,3441898.0,2911122981.0,9726581852.0,1229257318.0,109918575.0,3338123100.0,5245523669.0,1600082934.0,14411276.0,1.0104856876912642
34883.0,8.0,1484005467.0,99080341.0,87050395.0,382949571.0,32099571.0,8699920.0,2140820918.0,7963707827.0,897637437.0,100214859.0,3528269478.0,5160710970.0,1701805189.0,11346729.0,1.0556028097828716
42163.0,0.0,1467423385.0,97254488.0,85642651.0,328438462.0,31100908.0,4923256.0,2163279466.0,8223875066.0,915417278.0,109739738.0,4051016637.0,5716657146.0,1929043193.0,10504665.0,1.0186482261306198
49877.0,0.0,1225832890.0,53984849.0,38281696.0,280316172.0,59669978.0,1747374.0,2104107106.0,8396134477.0,859669683.0,128341181.0,7055942833.0,5572197292.0,3011033000.0,5791787.0,0.9005381876020436
42744.0,8.0,1509324799.0,108028429.0,92515782.0,418726663.0,26569296.0,3750550.0,1997011255.0,8085796484.0,804007163.0,135017326.0,7088034354.0,5040256896.0,3001670953.0,3142142.0,0.9852989476475185
45143.0,0.0,1636862603.0,115427141.0,99795387.0,418856877.0,27063927.0,1656823.0,3105312217.0,8286204489.0,1483181206.0,41775817.0,7097771816.0,5084116402.0,3019675211.0,3533910.0,1.1056012442883356
43708.0,0.0,1463897274.0,95890049.0,81723579.0,367718585.0,31202937.0,2346820.0,3312429379.0,8335531979.0,1735517373.0,40169376.0,7934028944.0,6256089820.0,3345133160.0,5434998.0,0.9852884386548402
43000.0,0.0,1869084805.0,89463151.0,49750434.0,782514019.0,66834368.0,3274363.0,3374831309.0,9324999354.0,1435309981.0,75348382.0,1596819.0,8045213.0,737938.0,58941.0,1.0585029094861944
43526.0,0.0,1825884051.0,88923481.0,50351074.0,911285952.0,63333182.0,2405453.0,3175182626.0,10842448155.0,1287465644.0,149897191.0,1612371.0,8125823.0,740400.0,59594.0,1.069930383787809
42374.0,0.0,1978450151.0,96048711.0,54042353.0,837163483.0,75444227.0,3223357.0,3025677242.0,10843458593.0,1193443512.0,195537631.0,1641954.0,8107488.0,750301.0,58498.0,1.1747102029513876
46224.0,0.0,1888632896.0,70708295.0,39577375.0,565526391.0,91942066.0,4279458.0,5362216555.0,10850278693.0,2592923198.0,27001492.0,1639084.0,8241458.0,748818.0,59731.0,1.049536012957129
42362.0,0.0,1710975376.0,60749955.0,35622114.0,254014440.0,97173449.0,2133609.0,3989847267.0,10838697638.0,1705451729.0,82802743.0,1591617.0,8123406.0,733258.0,58816.0,0.9005925198291348
42447.0,0.0,1859177352.0,87978737.0,50616990.0,918739424.0,68645302.0,2602994.0,2741309454.0,10843924071.0,1108582578.0,182064979.0,1641610.0,8090401.0,754317.0,58062.0,1.0405663718811593
41374.0,0.0,1853736218.0,87102447.0,51223962.0,894491029.0,64760912.0,2346867.0,2734642962.0,10845147626.0,1104882464.0,184772163.0,1630441.0,8109696.0,749052.0,57290.0,1.0534404417349865
42357.0,0.0,1919024486.0,94171695.0,50400697.0,682965667.0,67833574.0,1506410.0,2352781436.0,10853012468.0,1158007631.0,22170236.0,1608224.0,8102038.0,729430.0,58509.0,1.152996131296194
50602.0,0.0,1702487516.0,69345633.0,40804071.0,587159279.0,88453770.0,2117533.0,3812828772.0,10845343180.0,1598743240.0,107680137.0,1596382.0,8093128.0,740337.0,58057.0,0.9198630278657784
48882.0,8.0,2362825214.0,65830477.0,39061661.0,88496371.0,136849081.0,804714.0,2641981306.0,10844729250.0,1187794822.0,237657700.0,1618165.0,3982898.0,776212.0,9691.0,1.260991610997023
51422.0,8.0,1947417239.0,90799300.0,50893471.0,1074546629.0,70489285.0,2400681.0,3328775536.0,8164209853.0,1391993666.0,47464182.0,1603512.0,8182666.0,740106.0,59108.0,1.110172711340146
51702.0,8.0,1907411745.0,84170719.0,44995467.0,953622344.0,69271585.0,3674070.0,5190940894.0,10847719185.0,2515225893.0,88539831.0,1625161.0,7911328.0,743696.0,55837.0,1.1059066076370128
51873.0,8.0,1957606419.0,83747856.0,45354014.0,985671255.0,70278933.0,3645729.0,3871617023.0,10850229590.0,1899796352.0,52964344.0,1596490.0,8088690.0,747543.0,58521.0,1.1242582649074255
51961.0,8.0,1639519765.0,60509697.0,36021010.0,284618016.0,96332205.0,2326230.0,4246067895.0,10841138459.0,1813076253.0,77009760.0,1617634.0,8253260.0,733129.0,58632.0,0.8571483377846802
98838.0,8.0,1735020274.0,119520201.0,68348783.0,934166006.0,69839990.0,3660919.0,4180319173.0,10841133417.0,1758742344.0,81370605.0,1611415.0,8097385.0,744049.0,58829.0,0.8843249651315855
51965.0,8.0,1920142808.0,133518755.0,74565666.0,496122170.0,77031166.0,3243312.0,3861426164.0,10839977668.0,1611630928.0,102787434.0,1590366.0,8068374.0,730868.0,57906.0,0.9769184589421177
52007.0,8.0,1868428445.0,129096710.0,73612137.0,506636015.0,73241223.0,2833732.0,3095594306.0,10841456252.0,1234205838.0,159161256.0,1618749.0,7931909.0,737728.0,56243.0,0.9667580847732936
51585.0,8.0,1872075371.0,130446654.0,74350121.0,639771260.0,73590962.0,5218673.0,2972602435.0,10842336915.0,1135903138.0,189949763.0,1627561.0,7993292.0,746402.0,56388.0,0.9574228556267209
51784.0,8.0,2125057306.0,140541620.0,76230180.0,247986764.0,80595353.0,989657.0,8027907502.0,10847264821.0,3832361646.0,58464746.0,1615464.0,7777288.0,740911.0,56127.0,1.0636996488020902
57802.0,8.0,1936082119.0,134926598.0,84270240.0,391816843.0,65019779.0,2632575.0,4664105849.0,10847746380.0,2284013424.0,73711335.0,1610541.0,7947761.0,745730.0,57039.0,0.9708684842900069
51833.0,8.0,2052704805.0,137783831.0,77639274.0,467016466.0,69462313.0,2793834.0,4039254318.0,10841511409.0,1739593030.0,76338231.0,1603619.0,8221729.0,734473.0,59381.0,1.017104070680547
51795.0,8.0,2028447619.0,129774295.0,74839942.0,555898940.0,67657311.0,3137186.0,3785111905.0,10841865273.0,1613424623.0,94525873.0,1600921.0,7997256.0,732642.0,58870.0,1.0129042442230696
51876.0,8.0,2014067374.0,132830807.0,76899751.0,480162940.0,67031378.0,2825451.0,3145860452.0,10842625284.0,1327107259.0,137191509.0,1571914.0,7927197.0,727705.0,57668.0,1.0013613950924107
51853.0,8.0,2002589860.0,127528217.0,74344700.0,594566269.0,66285614.0,2763546.0,2866141193.0,10843210295.0,1182675830.0,155494928.0,1619532.0,8093035.0,750713.0,57530.0,1.001085238965964
51940.0,8.0,1503785262.0,135486464.0,116168135.0,123135978.0,49439221.0,2554777.0,2664919130.0,10845458016.0,1073854636.0,179659741.0,1623045.0,7848558.0,741119.0,57355.0,0.7719812882012624
51740.0,8.0,2293430081.0,140306943.0,79896251.0,359863596.0,63284452.0,970364.0,4946182819.0,10847273956.0,2408326620.0,48555668.0,1607673.0,7901123.0,747030.0,56607.0,1.1229906501008602
51413.0,0.0,2045751622.0,130786825.0,77905693.0,513150439.0,58657520.0,3466234.0,3988242480.0,10836267267.0,1711726986.0,76764140.0,1607704.0,8192349.0,733787.0,59500.0,1.002515978323983
51417.0,0.0,1988171608.0,126593231.0,75565537.0,500345641.0,58616048.0,3193253.0,3595712893.0,10840066030.0,1497709754.0,119805822.0,1587395.0,8110047.0,733685.0,58326.0,0.9787690688797201
51866.0,0.0,2034308271.0,127865313.0,77897337.0,492430647.0,56304910.0,3094884.0,2856043878.0,10842024208.0,1123915374.0,180482550.0,1601956.0,7951366.0,734224.0,56767.0,0.9889398046173397
51745.0,0.0,2254538421.0,140200629.0,80045920.0,351827862.0,63414888.0,1098868.0,5480181609.0,10848008552.0,2652499371.0,51902296.0,1625490.0,8046418.0,748746.0,57653.0,1.095286005784666
51547.0,0.0,1373399223.0,135574688.0,119373542.0,134925072.0,42232750.0,3253025.0,3950599615.0,10839476906.0,1696229177.0,73296241.0,1593262.0,8223681.0,740566.0,59730.0,0.7117230370185146
52807.0,0.0,1401231759.0,106343298.0,62168252.0,816821687.0,105618670.0,3537166.0,2921747186.0,10842619934.0,1214135952.0,155993723.0,1595692.0,8037861.0,734132.0,59211.0,0.8513733231367242
52469.0,0.0,1641243533.0,129405424.0,80392231.0,643479851.0,85944142.0,3116569.0,2717691258.0,10841698951.0,1099274823.0,183979615.0,1575987.0,7959535.0,715631.0,59272.0,0.9221350063959057
64993.0,0.0,1591051179.0,99840368.0,61152522.0,564346660.0,117497857.0,3082329.0,2870352001.0,10843968177.0,1182656652.0,174205733.0,1673704.0,7389925.0,764708.0,47246.0,0.9309105973864898
51458.0,0.0,1553565755.0,134669873.0,88322093.0,720076284.0,81063256.0,4067104.0,3814795888.0,10843327170.0,1785213432.0,84384946.0,1592679.0,8296425.0,728191.0,61123.0,0.9048728997083475
51407.0,0.0,1297011693.0,107814123.0,69463393.0,847830932.0,94650683.0,5004916.0,2810079087.0,10843415856.0,1251149372.0,208784280.0,1565363.0,6532743.0,755746.0,36525.0,0.7873493432576552
57352.0,8.0,1755414051.0,116475428.0,78627166.0,677348797.0,81453895.0,4164524.0,5697015387.0,10849714966.0,2749592873.0,60229540.0,1629858.0,8127338.0,748317.0,57625.0,0.9889051831128609
51697.0,8.0,1466199426.0,115110174.0,66618401.0,753422984.0,111907842.0,2715880.0,4258732070.0,10846430881.0,2057106184.0,66864882.0,1625068.0,7965986.0,749863.0,55156.0,0.8850001615118244
51188.0,8.0,1595678408.0,107485404.0,74359356.0,730779560.0,80806454.0,2535777.0,3478544019.0,10842765715.0,1713324368.0,85061958.0,1593388.0,8300787.0,736093.0,58866.0,0.8995355667746544
51355.0,8.0,1424829913.0,73448371.0,53506496.0,248024058.0,93392827.0,1965499.0,3571764135.0,10835733320.0,1513972691.0,89083778.0,1629549.0,8114663.0,740539.0,57939.0,0.7529602585827262
251886.0,3355.0,283020838.0,19741990.0,7099804.0,44929733.0,8181127.0,360351.0,4571567168.0,10873839074.0,1924195284.0,99711366.0,1657786.0,8699637.0,753969.0,63457.0,0.6809990115493701
46800.0,0.0,1540680033.0,129349267.0,75909827.0,693115608.0,89691558.0,2081192.0,3316631396.0,10849553246.0,1359929037.0,126516454.0,1617508.0,8518247.0,739971.0,61152.0,0.8972465504522525
44303.0,0.0,1357395074.0,106390704.0,61184293.0,824646459.0,106732462.0,2757231.0,3024908612.0,10853072115.0,1198146938.0,160921671.0,1610319.0,8489790.0,735261.0,61709.0,0.829294191238239
42476.0,0.0,1796370556.0,137011798.0,80738532.0,721291281.0,109285073.0,2458938.0,3081287008.0,10850868995.0,1150454844.0,228036080.0,1622125.0,8030453.0,741754.0,58150.0,1.0606256153318976
43083.0,0.0,1644424402.0,79288647.0,54329206.0,111527697.0,106845578.0,1335500.0,5613043006.0,10861202153.0,2700024950.0,28596407.0,1598285.0,8223363.0,735895.0,58297.0,0.8620907978633264
45583.0,0.0,1433290740.0,115247874.0,73067361.0,693522605.0,97987432.0,1799087.0,3674973508.0,10850234938.0,1602330613.0,73360143.0,1600937.0,8313176.0,736448.0,59496.0,0.8567960872265521
46006.0,0.0,1557621462.0,128387502.0,76628209.0,716990700.0,90399183.0,1812172.0,3691738842.0,10847020940.0,1576671366.0,80587563.0,1600755.0,8388517.0,740261.0,59721.0,0.8959967143863473
46014.0,0.0,1342506812.0,102507509.0,59283627.0,787975214.0,110106027.0,2206630.0,3440830359.0,10848387431.0,1464181380.0,101057555.0,1593751.0,8243350.0,731864.0,58301.0,0.8042135990102665
45454.0,0.0,1519028088.0,126366229.0,74616396.0,781806593.0,86131630.0,1998375.0,3018895525.0,10849984708.0,1263207917.0,134269873.0,1602573.0,8429933.0,733275.0,59324.0,0.8764636518499546
44831.0,8.0,1509959112.0,74997973.0,56293520.0,246107656.0,95364422.0,2498022.0,2794868878.0,10854307650.0,1154505655.0,150863667.0,1594516.0,8308704.0,735771.0,59370.0,0.7691922765148033
44233.0,0.0,1541074811.0,127432240.0,80180319.0,798805126.0,87045370.0,2076077.0,2630067943.0,10851035277.0,1059968954.0,177325309.0,1628341.0,8515624.0,729898.0,58446.0,0.876337471418458
43703.0,0.0,1482792606.0,112855761.0,63182137.0,619078514.0,113795136.0,1074349.0,4710738507.0,10857720742.0,2263766798.0,48472704.0,1655347.0,8190242.0,753166.0,56348.0,0.8773374111911337
45483.0,0.0,1495862475.0,125893677.0,78791244.0,734063864.0,90848566.0,2276047.0,3735474850.0,10846074975.0,1596875806.0,75790073.0,1606121.0,8319801.0,741087.0,59051.0,0.8605554311097469
47080.0,8.0,1420408221.0,77010440.0,57055326.0,424888772.0,90195884.0,2024737.0,3546636791.0,10847633118.0,1487580218.0,108931250.0,1603461.0,8223186.0,736075.0,57758.0,0.7503676527114668
114561.0,0.0,2015518993.0,77530693.0,54164765.0,991662470.0,42784648.0,4553669.0,2784128339.0,10853792529.0,1109546709.0,173933161.0,1628483.0,8437562.0,749289.0,57535.0,1.2099824035909423
43070.0,0.0,2137275630.0,77209599.0,54929220.0,921737181.0,39635539.0,2654865.0,3601819749.0,10861271311.0,1741151144.0,46360249.0,1601346.0,8099871.0,750022.0,56721.0,1.2712262963653336
45173.0,0.0,1804041694.0,103378777.0,85900212.0,523833419.0,50041745.0,3405427.0,3838967293.0,10854215875.0,1858925182.0,71733509.0,1588117.0,8228737.0,736664.0,57626.0,0.9876145274335931
44182.0,8.0,1866155536.0,104245409.0,88029753.0,508319400.0,47249338.0,2129824.0,3136110593.0,10851900646.0,1312034326.0,123940658.0,1586493.0,8086833.0,731296.0,58078.0,1.0035257228690597
43529.0,8.0,1806229511.0,104251194.0,88360672.0,456441079.0,53236122.0,2202141.0,2682440625.0,10854104300.0,1082440265.0,181020038.0,1620646.0,8292681.0,742760.0,57968.0,0.9775802452843351
42950.0,8.0,2058586126.0,124730500.0,104479341.0,537536787.0,46667952.0,5317991.0,2674517597.0,10856435296.0,1084957250.0,181995130.0,1621109.0,7435004.0,743709.0,48361.0,1.124617804731121
44767.0,8.0,2145313044.0,128668572.0,103018829.0,520408229.0,43516782.0,2788419.0,4669988772.0,10865925005.0,2369405481.0,21140306.0,1567410.0,8045880.0,726415.0,57772.0,1.1209381740892277
51775.0,8.0,1865570866.0,82241662.0,59197233.0,365339317.0,68174119.0,1865991.0,2820897213.0,10854393251.0,1166671869.0,165785297.0,1621359.0,8350220.0,734925.0,58059.0,0.9749200008142409
51118.0,8.0,3674236598.0,238176562.0,194485434.0,655896663.0,78830621.0,410071.0,185934676.0,5140785131.0,81803566.0,53222004.0,1598242585.0,2240804979.0,770680331.0,4428786.0,1.973775498136649
52981.0,8.0,1901785301.0,107692192.0,88749862.0,422468972.0,60206375.0,3147067.0,3464123939.0,10847399886.0,1599704494.0,54401469.0,1632199.0,7877983.0,751933.0,56099.0,1.0263965409487295
51747.0,8.0,2040504280.0,147585000.0,131287880.0,438198675.0,35000420.0,4808913.0,4962173091.0,10850936927.0,2384286663.0,87543996.0,1621265.0,7908775.0,744498.0,56914.0,1.0766932631358914
51148.0,8.0,2034061250.0,145238442.0,127014876.0,525860548.0,28985004.0,6477992.0,4136897481.0,10853625708.0,2019441710.0,71813999.0,1601234.0,8092769.0,739289.0,58461.0,1.0756054903023105
54133.0,0.0,1880410015.0,90162073.0,49349891.0,746054277.0,66320394.0,2936276.0,3900659333.0,10838015747.0,1665674716.0,84923014.0,1617760.0,8097666.0,748693.0,57755.0,1.0619782981794679
51485.0,0.0,1870329024.0,88831018.0,50347962.0,799556465.0,65708924.0,2895524.0,4064158790.0,10838801207.0,1712223406.0,86697615.0,1601611.0,8083088.0,735799.0,59113.0,1.0688175545698935
51507.0,0.0,1786769672.0,89391167.0,49826639.0,951758551.0,64281036.0,2828100.0,3727694287.0,10839265755.0,1539719136.0,114651162.0,1625133.0,7995129.0,753241.0,56862.0,1.077049468840976
52431.0,0.0,1846655614.0,85938214.0,49124329.0,746435820.0,69317093.0,2227045.0,3110638005.0,10843696386.0,1232049526.0,167353964.0,1596306.0,7983621.0,739226.0,57579.0,1.0488610632527569
52404.0,0.0,1858046271.0,63970317.0,39139719.0,236863512.0,104927376.0,4152032.0,3002734048.0,10842939573.0,1145683799.0,191698148.0,1636193.0,8131885.0,751197.0,59015.0,0.9879164534792997
51074.0,0.0,1941159577.0,91179368.0,47755588.0,744014599.0,67651938.0,1414760.0,6813702912.0,10849831998.0,3290805770.0,41171681.0,731035596.0,994233459.0,353348185.0,1884280.0,1.138423657103082
46020.0,0.0,1654018365.0,76693632.0,41398591.0,753453168.0,58410448.0,4123480.0,2792300331.0,8210965529.0,1277499721.0,59433448.0,1598496.0,8193862.0,744115.0,59326.0,1.0691019375866666
51864.0,0.0,1866180396.0,87267790.0,48502573.0,886685116.0,68626148.0,2695226.0,4030480203.0,10841519841.0,1729044489.0,78080400.0,1179910546.0,1686388406.0,567387935.0,3589206.0,1.0569082233093963
38875.0,0.0,1354739833.0,64847343.0,35054579.0,748335930.0,53280296.0,4988631.0,2854903621.0,8422222540.0,1214934887.0,74660254.0,3563440094.0,4967148149.0,1728465402.0,8663311.0,1.0778742298145791
37635.0,0.0,1251401659.0,44424876.0,26736871.0,217911297.0,73280322.0,2578800.0,2184083598.0,7893910867.0,916686260.0,100965233.0,3265538892.0,5059441966.0,1588006006.0,14048257.0,0.9034674424750826
30150.0,8.0,1147175845.0,40791199.0,25047473.0,212238165.0,66892263.0,2148738.0,2322310099.0,8496814470.0,965168847.0,115041068.0,4155434621.0,6604698780.0,2036170585.0,18970182.0,0.882156052804291
33392.0,8.0,1312817432.0,61504995.0,34890590.0,731478829.0,46652476.0,4994039.0,1802133102.0,7446866214.0,741898902.0,112271467.0,4167900344.0,5414235192.0,1979765467.0,5632385.0,1.057569367928419
40842.0,0.0,1402691710.0,64914751.0,36766612.0,779486302.0,56598574.0,8091585.0,2114515827.0,8656828801.0,852103888.0,142790529.0,4571912992.0,6292795138.0,2169274757.0,9993700.0,1.0378342291684073
34842.0,8.0,1565069808.0,67684530.0,36319192.0,831329910.0,53111060.0,3825014.0,2292648380.0,8674974644.0,971212563.0,123961669.0,3769963555.0,5280415189.0,1820801291.0,9790093.0,1.180345515359916
36533.0,8.0,1501631038.0,68187755.0,35693998.0,674252966.0,54926545.0,4181275.0,4370514788.0,8318453811.0,2112402063.0,16568718.0,3915167946.0,6043757327.0,1892571966.0,17161439.0,1.1360701098086055
39788.0,8.0,1348450162.0,61242420.0,33605297.0,788556456.0,52181820.0,5277218.0,3066444754.0,8622872337.0,1313271024.0,65478662.0,3990201301.0,5296946359.0,1916589068.0,4787687.0,1.0312878290537755
42551.0,8.0,1265114444.0,45167068.0,28449840.0,244534789.0,71815844.0,2821234.0,2768410594.0,7959556725.0,1155638737.0,73921137.0,3738228926.0,5359532150.0,1792381095.0,10836180.0,0.8920037627855721
37261.0,0.0,1209649607.0,44141517.0,27731880.0,230849099.0,69185403.0,2488335.0,2128103711.0,7956837114.0,864064413.0,117016602.0,3315306714.0,5056186746.0,1588081872.0,13570458.0,0.8926799628532947
40057.0,0.0,1464974070.0,97980904.0,53288815.0,509685642.0,55966704.0,3070771.0,2137110638.0,8145601519.0,835878208.0,139648095.0,3785809679.0,5357954184.0,1814706908.0,12870273.0,1.0076367642514792
38085.0,8.0,1588631329.0,103962838.0,54142329.0,266840998.0,63532481.0,1396057.0,4220555572.0,8040564619.0,2025927730.0,40578487.0,3807036812.0,5483852280.0,1812095289.0,12547231.0,1.0820798911252008
34634.0,8.0,1580493495.0,104809204.0,55719141.0,463927527.0,61426488.0,3584224.0,3721221601.0,8259034541.0,1894275288.0,39120912.0,4169801275.0,6285446177.0,2006303469.0,16172820.0,1.0177138771534957
33145.0,8.0,1508940434.0,102771792.0,56589661.0,425430368.0,59993979.0,2291081.0,3029174389.0,8508700670.0,1287807786.0,65899731.0,3705336817.0,5089730320.0,1791750898.0,7998794.0,1.0175089790095737
32530.0,8.0,1498028133.0,98051134.0,55403697.0,345550944.0,58583812.0,2152993.0,2056667013.0,8381645995.0,838544638.0,134831308.0,4097705885.0,6051317843.0,1967788632.0,14440867.0,1.0005183808573332
47102.0,8.0,1320195492.0,93219767.0,61724866.0,435766039.0,49178593.0,3291917.0,2099238472.0,8506829944.0,847788247.0,142127483.0,3297804016.0,5070975488.0,1575562679.0,13992473.0,0.8960907435836604
44606.0,0.0,1341196320.0,92679423.0,68067178.0,216799593.0,41283700.0,2492984.0,2055288881.0,8498758358.0,829921302.0,139252011.0,3995833531.0,5853949413.0,1913485544.0,16643239.0,0.8880174914906875
41477.0,8.0,1806244598.0,112155301.0,61880710.0,251029597.0,59802715.0,1846867.0,1628736991.0,8031286536.0,808745848.0,12402504.0,3354974494.0,5101967859.0,1604134713.0,14495999.0,1.1535617218080922
36737.0,8.0,1644723175.0,103339730.0,57580322.0,430416517.0,55520754.0,3660437.0,2906447427.0,8345448559.0,1230594893.0,63979897.0,3792888828.0,5726945683.0,1809816997.0,15248237.0,1.0477898282306153
38959.0,0.0,1521356618.0,98954719.0,56683545.0,426728680.0,51422365.0,2656613.0,1742494603.0,6932783493.0,746249559.0,120401719.0,3202959417.0,4978062720.0,1527334262.0,13260233.0,1.0108745774150405
41540.0,0.0,2501408355.0,147569551.0,73651032.0,257973522.0,86468463.0,5256304.0,780863243.0,7777579263.0,368435707.0,130366831.0,7169751839.0,10677179962.0,3480846204.0,29653223.0,1.2968973232256122
33088.0,0.0,1673663970.0,103261014.0,54315219.0,478668157.0,56831771.0,2193756.0,3049634474.0,8277968913.0,1285535875.0,52496215.0,3452761452.0,4968523434.0,1631230851.0,13988167.0,1.1116406646049666
41827.0,0.0,1172070825.0,101214092.0,84959264.0,135454648.0,37582477.0,2734085.0,4058574797.0,8365403089.0,1975837267.0,68730068.0,4218817691.0,5862012262.0,1995389428.0,15372773.0,0.7693065406548681
33317.0,0.0,1851452025.0,111828181.0,60604546.0,390214907.0,53041400.0,3049261.0,3307564450.0,8219311734.0,1601305936.0,54878169.0,3882813983.0,5695880090.0,1857089802.0,15906785.0,1.1636209297013178
34237.0,0.0,1765925551.0,103570110.0,58965290.0,470200610.0,49808729.0,2717629.0,3363811926.0,8498885147.0,1639092951.0,57967614.0,3743442502.0,5736021140.0,1790953815.0,15520917.0,1.166510580940451
35705.0,0.0,1678687541.0,100066192.0,56882837.0,364396101.0,47835067.0,3305957.0,3103671615.0,8526335375.0,1325197740.0,65906770.0,4231189679.0,5433064550.0,2036325316.0,4782639.0,1.0719789794551964
35449.0,0.0,1645348523.0,99689754.0,57636531.0,389436467.0,47471623.0,2975270.0,2876526490.0,8018651336.0,1214957017.0,65410929.0,3473891794.0,5238311655.0,1671400628.0,14135883.0,1.0748016937953841
40202.0,0.0,1600675765.0,99759385.0,58246879.0,365669122.0,46997560.0,2136227.0,2948796778.0,8256498429.0,1232437333.0,68328322.0,5546051068.0,5265333031.0,2422790082.0,7794696.0,1.0638976130464473
31220.0,0.0,1588636135.0,95713113.0,54732861.0,337572094.0,44883094.0,1599031.0,2809445635.0,8368799204.0,1163134455.0,88098107.0,6222194365.0,5840959788.0,2706537907.0,8655133.0,1.0941028041296152
42592.0,0.0,1723145433.0,103012843.0,59651986.0,416046901.0,48432788.0,1704793.0,2325058297.0,8046392196.0,936288916.0,111332564.0,6387726492.0,6086756578.0,2797968947.0,8845840.0,1.0689697874434358
36437.0,8.0,1012168420.0,103195778.0,89220257.0,127575510.0,34686772.0,1436379.0,2194730552.0,8293721256.0,850665980.0,135636517.0,5342897928.0,5016969400.0,2326299494.0,7770886.0,0.6952582567867324
38101.0,8.0,1269359808.0,86166464.0,48249903.0,563088983.0,94898058.0,1067676.0,2399425974.0,8327502983.0,895741788.0,177521507.0,6924186824.0,5252238994.0,2966180182.0,5044776.0,0.9807887999565791
35828.0,0.0,1302643848.0,83761080.0,48727072.0,415378899.0,78173005.0,817875.0,6148080407.0,8415685352.0,2959312135.0,42441539.0,7629345563.0,5916973788.0,3264193885.0,5230641.0,1.0032805429422085
36598.0,0.0,1299043036.0,80968777.0,44999473.0,613956886.0,74459957.0,2417730.0,5167303398.0,8401550176.0,2510345587.0,29216093.0,6213916605.0,5055967801.0,2665184865.0,4713362.0,1.0162178871824192
37082.0,8.0,1117945407.0,48235670.0,35483244.0,123998010.0,70055210.0,840039.0,3026267248.0,8246086929.0,1309215027.0,58366751.0,6252845466.0,5090364590.0,2669046887.0,5063942.0,0.8677739184934687
35737.0,8.0,1298532821.0,104349773.0,66927178.0,490622996.0,61774597.0,2147880.0,2980348961.0,8343939307.0,1275251834.0,62332298.0,6088451068.0,5019469123.0,2602320440.0,4822476.0,0.9659876856500659
36976.0,8.0,1243684652.0,98622585.0,64589507.0,565097734.0,61127112.0,2246351.0,2598328873.0,7902151569.0,1102739837.0,74428628.0,6180903048.0,5045283659.0,2632621493.0,4992529.0,0.9420551349704733
34226.0,8.0,1168839480.0,92057284.0,55593516.0,664137252.0,72082263.0,2212256.0,2359885441.0,8333963571.0,983472257.0,108048419.0,6088787944.0,4983315075.0,2587723298.0,5046638.0,0.9246273255410021
43705.0,0.0,1036818784.0,74582837.0,43816275.0,662981513.0,83169661.0,1476969.0,2277436479.0,8360984706.0,948778978.0,112596717.0,7297481850.0,5952497806.0,3121548475.0,5631953.0,0.8451263880256711
43217.0,8.0,1230695876.0,58807851.0,43554681.0,171517486.0,77711768.0,868117.0,1630651802.0,6383107427.0,671215371.0,96207024.0,6864820252.0,5280155334.0,2916933941.0,4440358.0,0.8453523051345365
34126.0,0.0,1094399964.0,78144563.0,44871958.0,647317179.0,85632472.0,1488215.0,1977058711.0,8064749111.0,798705763.0,133810377.0,6944513186.0,5307373228.0,2928754722.0,3677008.0,0.8369606056694427
39630.0,8.0,1319002016.0,86979324.0,59147973.0,516812582.0,68890480.0,2074891.0,1961407984.0,8359400986.0,940535046.0,39354784.0,6708942630.0,5056924856.0,2855398318.0,3674173.0,0.9903094760014637
43170.0,8.0,1451796206.0,90823398.0,62938553.0,536413833.0,61906551.0,2863599.0,4322239430.0,7487020548.0,2074819925.0,16583807.0,6780493685.0,5261369943.0,2877862646.0,4719368.0,1.0599648618494377
42205.0,0.0,1199117620.0,57037995.0,42949856.0,196567437.0,71117697.0,1354111.0,2531436010.0,7658034738.0,1082878578.0,64653073.0,8434973406.0,6493568765.0,3574780935.0,5055208.0,0.8143601731875417
43715.0,13.0,1215424768.0,99100452.0,54432116.0,600412242.0,73627073.0,1298793.0,2607620268.0,9960368213.0,1041824896.0,157756112.0,6499699466.0,5058331329.0,2763795800.0,3865885.0,0.958008450962025
34936.0,0.0,1216294794.0,84826576.0,46552920.0,448336848.0,99052194.0,1081327.0,2347639430.0,8082625843.0,921741314.0,167478989.0,6968407352.0,5081354775.0,2956099597.0,3990849.0,0.9509155877415407
45820.0,0.0,1284043280.0,96074013.0,49258911.0,435013873.0,81973390.0,905024.0,3511939829.0,8232094217.0,1715541025.0,18899527.0,7070839015.0,5256638467.0,2998812446.0,4265303.0,0.9982806247689401
40547.0,0.0,1183760635.0,91875124.0,55001964.0,477212713.0,62268557.0,1128089.0,3073248081.0,8390704431.0,1316989438.0,58978156.0,7044784725.0,5489380837.0,2991006768.0,3809069.0,0.9711268005851282
46405.0,0.0,1102234214.0,64473509.0,40447079.0,508370886.0,75900818.0,1323653.0,2383625211.0,8031288345.0,1001183874.0,98000084.0,6904431112.0,5363010364.0,2924343758.0,4408828.0,0.8384605609851377
32329.0,0.0,1013870183.0,52143908.0,36149436.0,140385359.0,68465845.0,762907.0,2111601579.0,8387034128.0,852425313.0,141698840.0,6695023478.0,5095411245.0,2831780860.0,3773700.0,0.8078906140419394
40874.0,0.0,1103958217.0,78244929.0,44107339.0,620393885.0,86184546.0,1361869.0,2077830490.0,8296210057.0,839487681.0,140658875.0,6717777679.0,5155384602.0,2869934018.0,3632263.0,0.8523428630714691
38640.0,0.0,1223264116.0,91463495.0,53078418.0,510480842.0,78848821.0,816065.0,1924441028.0,7831133100.0,875822439.0,66116170.0,7135066111.0,5205127255.0,3025277501.0,1763052.0,1.0001236945057128
36388.0,0.0,1195157150.0,92948639.0,57819951.0,535380558.0,62099203.0,1133475.0,3100237191.0,8168479156.0,1581640563.0,42559804.0,6915894821.0,5287300535.0,2934614644.0,3214142.0,0.9529886599559766
42300.0,0.0,1033405519.0,76949036.0,44530667.0,676657623.0,86016047.0,1155313.0,2224958635.0,8156493775.0,941176302.0,118898892.0,6581551579.0,5039841965.0,2806277836.0,4270797.0,0.8415527481286142
45534.0,0.0,1294587560.0,65307929.0,47733282.0,277700514.0,79121249.0,1541325.0,2287968934.0,8100336395.0,976744099.0,181010154.0,15308442721.0,10821339446.0,6490511343.0,3134935.0,0.8677634815489224
41461.0,0.0,1275706190.0,103305148.0,63065553.0,530213624.0,67295314.0,1220513.0,1486230669.0,2278150256.0,684438078.0,10580562.0,6900863974.0,4981859141.0,2916312484.0,3555859.0,0.9598415801679568
37661.0,0.0,1266255829.0,94867636.0,59886909.0,548611399.0,70976355.0,1475367.0,5151737945.0,8465013328.0,2487738986.0,57481939.0,7112197682.0,5094393921.0,3036040190.0,2741489.0,0.9677064333604045
35206.0,0.0,1071346021.0,75297751.0,42295325.0,612846770.0,85524358.0,1074660.0,3744560401.0,8439590962.0,1800477831.0,63976177.0,7165942683.0,5244187128.0,3039083557.0,3586160.0,0.8613794989259936
38125.0,8.0,1150279797.0,86131524.0,47002446.0,648650375.0,85201623.0,1229574.0,2919868463.0,8127126672.0,1425131961.0,41071273.0,6858496674.0,5098120894.0,2915858866.0,3800388.0,0.8940345382602344
36460.0,0.0,1281680874.0,103997436.0,63667451.0,588977352.0,67993738.0,1255944.0,2935708663.0,7908088762.0,1254483743.0,60636608.0,6904073164.0,5261063334.0,2954234347.0,3368388.0,0.9349564711857662
34721.0,0.0,1129384900.0,56488276.0,41402164.0,188491884.0,68865463.0,1244384.0,2963668872.0,7971921001.0,1259740478.0,65200150.0,6598318291.0,5055930973.0,2842429944.0,2983301.0,0.7754744609565565
34663.0,0.0,1643011866.0,60269577.0,38755070.0,857140328.0,28263344.0,2612953.0,3127227066.0,8376880028.0,1310550631.0,66592946.0,7044596084.0,5163441290.0,2974089730.0,3576400.0,1.3169807146575156
42823.0,8.0,1619634094.0,60438834.0,41959785.0,865039739.0,37714566.0,1911533.0,2806781239.0,7912147113.0,1164232524.0,79446532.0,6259399963.0,5309091870.0,2643746171.0,5511047.0,1.219181547516833
30557.0,8.0,1074325120.0,35936923.0,23477947.0,207854982.0,61470744.0,1694944.0,2396710793.0,8222896373.0,969652053.0,114522732.0,5143963168.0,5138987045.0,2114096776.0,3642431.0,0.9164294546675641
33239.0,8.0,1287887949.0,69878535.0,57748351.0,427408405.0,35057346.0,9598207.0,2171950233.0,7954355029.0,852910697.0,125169582.0,4954904870.0,5191683335.0,2041177023.0,5467644.0,1.0490006025811949
39457.0,8.0,1775279517.0,99910247.0,82895260.0,572305036.0,47950113.0,3793738.0,2294723261.0,8518326965.0,876884248.0,147450855.0,1587423.0,7339839.0,724651.0,55139.0,1.1024669553415736
46618.0,0.0,1836124775.0,68493410.0,49899334.0,276593860.0,85555589.0,1001072.0,7040385939.0,10869375372.0,3396877830.0,43239922.0,1649284.0,7818837.0,757774.0,56977.0,0.9814183793173517
44307.0,8.0,1959431994.0,115765034.0,97855345.0,361531045.0,41893440.0,2544872.0,3975690527.0,10859633709.0,1779227329.0,73363307.0,1598071.0,8052706.0,754897.0,57388.0,1.0926378008794284
44988.0,8.0,1948547137.0,120116202.0,101453048.0,489507319.0,47242653.0,3260338.0,3917586765.0,10858209526.0,1686569990.0,81202771.0,1595040.0,7960661.0,735617.0,57263.0,1.0708795569551182
44173.0,8.0,1913014316.0,127816775.0,108343175.0,470631872.0,43367485.0,2928564.0,3699964916.0,10858571030.0,1565414183.0,102581811.0,1625687.0,7951068.0,748613.0,57894.0,1.0191082539341412
43842.0,8.0,1877858490.0,126393392.0,110596995.0,465551335.0,39273454.0,2905093.0,3013599057.0,10861716729.0,1261128129.0,143757852.0,1639436.0,7940617.0,752032.0,57301.0,1.0215626130324067
42371.0,0.0,1880399783.0,129094010.0,112884496.0,402126170.0,42641091.0,2620764.0,2771565979.0,10862249011.0,1142221113.0,161608140.0,1615577.0,7886002.0,747193.0,57299.0,1.0055173357104574
44213.0,0.0,1817610792.0,129133619.0,114864222.0,467698441.0,26497342.0,4007823.0,2673211862.0,10864035904.0,1077698559.0,180579664.0,1603589.0,7561923.0,744831.0,55009.0,0.9268732589033754
43038.0,0.0,2095829468.0,149815319.0,129733381.0,465486310.0,34736176.0,1714949.0,5544906809.0,10870783688.0,2650027078.0,40886929.0,1623304.0,7979095.0,745621.0,55602.0,1.1056130279828644
45596.0,0.0,1771323664.0,95868409.0,78822012.0,373816368.0,49699143.0,2181443.0,3796856299.0,10858688036.0,1628719490.0,87926148.0,1617110.0,8140574.0,736929.0,59592.0,0.9262301037828962
44451.0,0.0,1803292788.0,89441312.0,49474564.0,854549605.0,65732387.0,2529592.0,3585682091.0,10859425003.0,1483331831.0,126071747.0,1612969.0,7989596.0,748938.0,57739.0,1.0618372714659206
43781.0,0.0,1803525709.0,88712272.0,50099814.0,944367160.0,62996328.0,3513785.0,2901485037.0,10862110174.0,1141473068.0,187226249.0,1641297.0,7830390.0,744766.0,57371.0,1.0358884163511233
43562.0,0.0,1930831910.0,91242193.0,47464763.0,702445004.0,70230307.0,1280165.0,5966465726.0,10867334736.0,2871733048.0,43895725.0,1641349.0,8109671.0,757019.0,59156.0,1.147466281666375
44537.0,0.0,1699080999.0,61373363.0,36516645.0,217206654.0,96909521.0,1230130.0,4023286602.0,10859309100.0,1724683594.0,74282229.0,1554591.0,7967650.0,722218.0,57298.0,0.9025150008026
49451.0,0.0,1694204384.0,67192432.0,41298261.0,416746951.0,91934925.0,1591112.0,2810423083.0,10860925895.0,1144253496.0,174363819.0,1598180.0,7916349.0,749523.0,58209.0,0.928971461370267
42702.0,0.0,1847273126.0,89613119.0,52170280.0,865697820.0,66685050.0,2581305.0,2750391443.0,10862619198.0,1112028340.0,186053347.0,1626709.0,8261666.0,762230.0,58862.0,1.0454516986749882
43854.0,0.0,1888423480.0,92709057.0,52084545.0,598788631.0,68279918.0,800906.0,2588896959.0,10867086121.0,1242975811.0,46975529.0,1627931.0,7727310.0,748614.0,51904.0,1.1209344450519276
43853.0,8.0,1821437640.0,85650114.0,49175231.0,841347146.0,68511123.0,3536083.0,4111452895.0,10859140658.0,1743026320.0,80001949.0,1613866.0,8003546.0,741967.0,56825.0,1.030943802895228
44346.0,8.0,1779062544.0,58101389.0,36811769.0,275925526.0,99501872.0,3099146.0,2860304590.0,10859434765.0,1294795056.0,216695191.0,1521218.0,3067064.0,711070.0,2385.0,0.9598918782525422
52284.0,8.0,1864609234.0,85248583.0,46091192.0,899695222.0,71339385.0,2408777.0,1424020481.0,1989102283.0,659033036.0,8131112.0,1649121.0,7821101.0,771833.0,59749.0,1.0404694141338227
52501.0,8.0,1899350023.0,84907357.0,44861230.0,896642807.0,66044075.0,5518349.0,5749755395.0,10853854076.0,2766040324.0,87788829.0,1634344.0,7893039.0,755905.0,58613.0,1.1078294275552456
52549.0,8.0,1904029881.0,87706698.0,47429461.0,806110951.0,69101439.0,3173339.0,3675469056.0,10855516411.0,1807813924.0,49826020.0,1638250.0,7787143.0,760236.0,58479.0,1.0870781159981213
51663.0,8.0,1763858199.0,86746037.0,49214211.0,953890855.0,64343830.0,2329985.0,3914794993.0,10845044638.0,1675422030.0,79321782.0,1628086.0,7835880.0,747496.0,58634.0,1.0335307352742522
52405.0,8.0,1621384810.0,60505955.0,35968573.0,285948217.0,96148356.0,1465477.0,3988059148.0,10844318430.0,1682746909.0,82099018.0,1606429.0,7848628.0,747317.0,57302.0,0.8755127652115873
52557.0,8.0,1913662096.0,130656624.0,73907564.0,526736531.0,75018598.0,1603053.0,3722859021.0,10843310178.0,1561724936.0,90202068.0,1618698.0,7832679.0,747828.0,57925.0,0.9658207217934981
51924.0,8.0,1902944133.0,127988969.0,73739886.0,448053831.0,74439630.0,1521674.0,3196213798.0,10843865253.0,1295275510.0,139182633.0,1633952.0,7852247.0,737340.0,58729.0,0.9597124625470193
51207.0,8.0,1861274680.0,129275426.0,73973026.0,523741345.0,73345715.0,1640517.0,2927489315.0,10845309486.0,1128018122.0,180861221.0,1628192.0,7898050.0,734266.0,58751.0,0.9621814543150123
52418.0,8.0,2231765355.0,139438984.0,71704741.0,390988697.0,87803272.0,2040754.0,2887306723.0,10852598117.0,1375985946.0,66277809.0,1630320.0,7655494.0,760222.0,55514.0,1.1471378727175154
62691.0,8.0,2116653184.0,137675978.0,80328448.0,550383201.0,78896854.0,2527263.0,6228656611.0,10853878880.0,3025523208.0,29170949.0,1631266.0,7920776.0,746239.0,58628.0,1.04560194719335
51791.0,8.0,2038289557.0,136256957.0,76593915.0,452898259.0,68708133.0,1285710.0,3798368591.0,10848179749.0,1646672639.0,75025953.0,1614595.0,8010098.0,741065.0,58790.0,1.0118098654688956
51765.0,8.0,1991421959.0,132740506.0,76595611.0,511312088.0,68102080.0,1445166.0,3773048829.0,10845281942.0,1619212786.0,79081909.0,1591459.0,7631437.0,727043.0,57944.0,0.9972996888781138
51345.0,8.0,1987274195.0,127146847.0,73045568.0,511975501.0,67088019.0,1436017.0,3128904538.0,10846077064.0,1313413291.0,126691426.0,1597797.0,7765804.0,735481.0,57420.0,0.9979458988364699
51279.0,8.0,1985750102.0,131601476.0,76913561.0,453062115.0,67687924.0,1331285.0,2888257082.0,10845873407.0,1198429164.0,145094901.0,1618309.0,7912517.0,748114.0,58666.0,0.9907752082930761
51156.0,0.0,2000796271.0,133423637.0,79500933.0,506299851.0,66239716.0,1265026.0,2720861502.0,10847287272.0,1108704964.0,163402409.0,1642609.0,7876650.0,746608.0,57760.0,0.9951729486343459
52209.0,0.0,1618230074.0,144984566.0,123787938.0,128960699.0,51951488.0,2174356.0,2873187376.0,10845668655.0,1110209192.0,221630099.0,1601702.0,7665350.0,743368.0,56898.0,0.8346141452703292
51949.0,0.0,2350756237.0,140486070.0,82079555.0,507741298.0,64392232.0,2137861.0,5917786213.0,10855558296.0,2892536741.0,23079255.0,1614807.0,7963389.0,740308.0,59680.0,1.135726034410532
51943.0,0.0,2062281041.0,131167269.0,77340176.0,491678716.0,58516313.0,1833060.0,3835705424.0,10843511920.0,1629567198.0,84482460.0,3542296208.0,5422244935.0,1705164666.0,14850609.0,1.0147646626578863
33516.0,0.0,1656297260.0,99903189.0,57546613.0,488569540.0,47516162.0,2641278.0,2460283531.0,8404523794.0,1012343578.0,104677825.0,3174616725.0,4945406737.0,1527522047.0,13589404.0,1.0803528835509861
31906.0,0.0,1584619167.0,93010929.0,55087712.0,390148875.0,43488839.0,3486640.0,2142796042.0,8254294114.0,847309878.0,135046989.0,3017822128.0,4976387673.0,1473411350.0,14140536.0,1.0682126493739528
34988.0,0.0,2013464136.0,115487400.0,63676261.0,443447110.0,54947108.0,3031940.0,1869607183.0,8053233404.0,901997553.0,32640653.0,3435924603.0,5363418415.0,1684324293.0,15525788.0,1.2499174555205386
31379.0,0.0,1762346024.0,102030297.0,57626232.0,349724884.0,50426453.0,3136730.0,4575432534.0,8276483101.0,2192856519.0,22575474.0,3668689046.0,5526452055.0,1733258588.0,15187350.0,1.173232778786372
33060.0,0.0,907613765.0,97818038.0,86645340.0,105181502.0,25425809.0,2522361.0,2523142343.0,7733172855.0,1080112157.0,57832069.0,3275450855.0,4984782276.0,1549511340.0,13789798.0,0.6985929266252388
32302.0,0.0,1076503073.0,81797004.0,48867958.0,496898858.0,67050647.0,3630389.0,2226484290.0,8115871877.0,931561710.0,99122934.0,3283967339.0,5215243377.0,1583577329.0,14404309.0,0.9000526100849162
37835.0,8.0,1091630203.0,77916094.0,43320098.0,519044694.0,89184862.0,4311348.0,2030067878.0,8254602266.0,816268475.0,135295323.0,4139351135.0,6633767820.0,2006635056.0,18017102.0,0.8480997007963388
42981.0,8.0,1171989326.0,85326363.0,46759874.0,571682640.0,86016914.0,4140838.0,1758687196.0,7166207078.0,710063335.0,118833297.0,3406565844.0,5465584662.0,1639538479.0,14768447.0,0.9121783873001729
40851.0,8.0,1168456080.0,68302273.0,44229843.0,309386816.0,81942549.0,3552777.0,2221647021.0,8257199634.0,886935606.0,153579146.0,3667121311.0,5663524256.0,1758720489.0,15025718.0,0.9215703242436384
48825.0,0.0,1252407012.0,77921651.0,49915196.0,594134610.0,59515502.0,4413869.0,3861301394.0,8205031008.0,1878673539.0,7929076.0,4025395723.0,6163859888.0,1933534964.0,16002731.0,0.9728472006141808
37926.0,0.0,1120536240.0,78078392.0,49269154.0,561538354.0,53738978.0,6105364.0,2628803678.0,8310770031.0,1107801094.0,86325932.0,3264007915.0,5134800255.0,1568837875.0,13408032.0,0.9761921889491278
38873.0,8.0,1193656947.0,79989579.0,49574263.0,687506650.0,58006940.0,7838393.0,2212482261.0,8557091236.0,1000278347.0,167639691.0,5970297142.0,8803587087.0,2850192177.0,23711327.0,0.9704296760206809
40243.0,0.0,1389579031.0,106566998.0,64862352.0,472908623.0,79802803.0,6898280.0,326085409.0,497118627.0,178612110.0,977851.0,3455271327.0,5186271034.0,1672061596.0,13839077.0,1.0206167640818766
34448.0,8.0,1228425088.0,58000939.0,41720424.0,179021279.0,76207037.0,2301076.0,3215150835.0,8493197266.0,1581167510.0,38657888.0,4096412432.0,5886486285.0,1977190636.0,16422990.0,0.8451995757571493
41021.0,0.0,1116127829.0,82192002.0,46853732.0,654981571.0,94287947.0,4662761.0,3955597800.0,8456103070.0,1876262967.0,67014955.0,3844081030.0,5504221559.0,1838275320.0,13449492.0,0.8918286678745811
40951.0,8.0,1121526673.0,79553897.0,43776195.0,603491372.0,87074289.0,4339950.0,2814060122.0,8387740055.0,1397649833.0,38687180.0,3608179384.0,5423773613.0,1728262555.0,15381298.0,0.8985622096176518
34517.0,8.0,1132441276.0,86206073.0,49076805.0,624055182.0,86804664.0,5094381.0,3099110044.0,8471131628.0,1341866861.0,59252091.0,3850607479.0,5902612903.0,1843150161.0,16156967.0,0.844835263999811
35026.0,8.0,1056568167.0,74101018.0,43328244.0,668352594.0,82569224.0,4519335.0,3111852744.0,8371061010.0,1330027599.0,62583726.0,3650355716.0,5307528986.0,1750990455.0,11369377.0,0.8237794175811723
41815.0,8.0,1100702951.0,56152334.0,40492647.0,227744795.0,72010888.0,2611543.0,3044603474.0,8381109641.0,1277330423.0,67125890.0,7082696681.0,10828230146.0,3375113163.0,24966441.0,0.7370501059227774
193739.0,37.0,208230237.0,19284922.0,10607729.0,613293235.0,12458899.0,7160922.0,3459685763.0,9867461667.0,1439559561.0,86576004.0,3812253855.0,6019913400.0,1845533558.0,16922569.0,0.5731142923200693
41385.0,8.0,1267207120.0,97504219.0,54414302.0,584177366.0,73625393.0,4431006.0,2371946039.0,7975275015.0,955883135.0,107750205.0,3634898500.0,5788435322.0,1756678930.0,16280671.0,0.9227363908711564
38039.0,0.0,1157920375.0,97944102.0,59276872.0,593712039.0,68939926.0,5282479.0,2301354057.0,8330627439.0,907826401.0,129446282.0,4280014010.0,6506710192.0,2028015692.0,17235479.0,0.9408469942510967
34250.0,8.0,1109929499.0,80925935.0,46664020.0,660525408.0,85642225.0,5188124.0,2157110143.0,7954953687.0,822891239.0,137743862.0,3533990708.0,5021927914.0,1675241053.0,13998767.0,0.8515469283858047
37189.0,0.0,1183918737.0,85923071.0,41884328.0,484687869.0,86673492.0,2380550.0,4964956097.0,8041013948.0,2352452772.0,47552011.0,3783156412.0,5677674945.0,1809657618.0,15127162.0,0.9666324483667111
37217.0,0.0,1251857078.0,61054825.0,42014262.0,117407555.0,79894514.0,2237332.0,4208102379.0,7377097722.0,2031892843.0,19004682.0,4024963070.0,5760503997.0,1933875052.0,13286089.0,0.8394136191488897
33878.0,0.0,1201756168.0,99695394.0,66305009.0,393147353.0,55421498.0,4250235.0,3181846125.0,8623327564.0,1386505654.0,54475170.0,3277840747.0,5009759407.0,1581961787.0,13357441.0,0.9814738731503045
33718.0,8.0,1256448748.0,98197936.0,60251653.0,578302683.0,73332656.0,4637775.0,3140346578.0,8710730103.0,1348822043.0,62664007.0,4269968595.0,5058883594.0,1931621471.0,10759610.0,0.9401403737549909
33609.0,0.0,1054724676.0,83229212.0,46799384.0,659549990.0,87480552.0,3108381.0,2639502072.0,7534933623.0,1127713929.0,60396985.0,5486160554.0,5302933501.0,2411963679.0,7902849.0,0.8632677394219344
34223.0,8.0,1131051356.0,89421769.0,48117777.0,667663947.0,86123760.0,2758482.0,2433541783.0,8263701684.0,1020107031.0,99774777.0,5919741622.0,5652703222.0,2581974261.0,8264226.0,0.8655251104366752
33330.0,0.0,1199155655.0,99059338.0,60242603.0,581912268.0,65385473.0,2883338.0,2221403760.0,8228120776.0,925796232.0,110510651.0,6102497973.0,5846536108.0,2669344946.0,8451144.0,0.9469506922077043
34008.0,0.0,1124689094.0,57871451.0,42859270.0,176430106.0,67503699.0,1813094.0,2162844966.0,8229736230.0,899559296.0,115735690.0,6599816768.0,5705032127.0,2884424633.0,4027044.0,0.8068357839885507
42914.0,0.0,1246717384.0,94381671.0,61267093.0,576065163.0,61780575.0,1820076.0,1991502058.0,8115211190.0,804360049.0,134253022.0,6899453253.0,5677400467.0,2966292440.0,5429269.0,0.9413418939668092
34361.0,0.0,1211933851.0,90335054.0,53885967.0,718894956.0,90979286.0,1742361.0,2331866542.0,8285334217.0,911117124.0,175698331.0,6549503057.0,5077433660.0,2787812591.0,4712370.0,0.9365034975037225
40316.0,0.0,1149508725.0,86433108.0,48347446.0,538574863.0,86402514.0,961164.0,3528153485.0,7220156543.0,1711172019.0,17756170.0,7298398328.0,5705676624.0,3118088073.0,5407035.0,0.9038930645545952
42940.0,0.0,1259732348.0,104800674.0,60575787.0,575761564.0,74282546.0,2270985.0,2654080566.0,7478641338.0,1142852453.0,55553198.0,6710731610.0,5464941903.0,2862434149.0,5113627.0,0.9093180366264803
34386.0,0.0,1227068989.0,95567393.0,59657459.0,553419807.0,66690193.0,2529967.0,2922029391.0,8170277625.0,1229761094.0,71901658.0,6351329792.0,5050832089.0,2705980699.0,3724330.0,0.9285049683333847
40563.0,0.0,1116316086.0,54065978.0,39928253.0,209244183.0,70222035.0,1334485.0,2285814949.0,8140813463.0,933408958.0,114836197.0,6115780014.0,4995115669.0,2627862367.0,5093955.0,0.7687796945353232
33168.0,0.0,1610633883.0,49098550.0,36135695.0,869773125.0,26759037.0,3070959.0,2301676605.0,8663380760.0,905694762.0,150265448.0,6860838732.0,5019832293.0,2928999749.0,4626882.0,1.3030510897716328
33575.0,0.0,1597132623.0,55740329.0,39177236.0,745314440.0,29569301.0,1468754.0,4064723204.0,8371754594.0,1955872203.0,41078747.0,6619679226.0,5047140636.0,2839873211.0,4562198.0,1.2973266838689095
36530.0,8.0,1210334373.0,39075793.0,25073245.0,199175491.0,68161417.0,879396.0,3715257945.0,8215475945.0,1901563163.0,41988511.0,6477279798.0,4933105410.0,2758166284.0,4288548.0,0.9294375286823153
