redis_lock_loads,redis_fp_uops,redis_branch,redis_l1_misses,redis_l2_misses,redis_stall_sb,redis_branch_misp,redis_machine_clear,mcf_instructions,mcf_cycles,mcf_loads_and_stores,mcf_cache-misses,bzip_instructions,bzip_cycles,bzip_loads_and_stores,bzip_cache-misses,redis_ipc
4415.0,100.0,330989.0,39469.0,25875.0,232068.0,19822.0,164.0,2696712685.0,10858202447.0,1090570514.0,182559204.0,8882991273.0,10838445488.0,3811191099.0,9830209.0,0.19475571208560968
4398.0,101.0,333614.0,38469.0,24363.0,213140.0,19534.0,9999.0,2992017237.0,10857680851.0,1176578428.0,218990502.0,11227216015.0,10853102122.0,4778207442.0,7410421.0,0.19781723676065888
4321.0,99.0,322857.0,38106.0,25291.0,218565.0,19522.0,228.0,4253815547.0,10862026979.0,2071847054.0,63471372.0,8925747909.0,10835253211.0,3850313056.0,10223615.0,0.1894197391592695
4285.0,99.0,332734.0,35593.0,23245.0,176633.0,20777.0,26500.0,2814671499.0,10857744219.0,1222835594.0,199434194.0,9009068149.0,10835832598.0,3890135242.0,14764561.0,0.19233055329630128
4320.0,99.0,324318.0,34489.0,22496.0,242174.0,19743.0,4164.0,4873527374.0,10851673361.0,2388395138.0,51768624.0,9617781248.0,10860992854.0,4121508830.0,12437123.0,0.2007675900475775
4361.0,101.0,328315.0,35331.0,22490.0,242249.0,19736.0,1529.0,4580422575.0,10849748097.0,2234686004.0,72770025.0,9535656319.0,10858891430.0,4095112677.0,9812742.0,0.19901902454324844
4346.0,98.0,330461.0,31501.0,21284.0,210959.0,19673.0,9669.0,3758589560.0,10848349878.0,1883905298.0,89067902.0,9632546374.0,10847588749.0,4110198716.0,12055900.0,0.19730256352293363
4351.0,100.0,326468.0,30997.0,21635.0,244552.0,19983.0,558.0,4105716616.0,10845625297.0,1742813161.0,84521098.0,8156627374.0,10849781033.0,2978712600.0,11313000.0,0.19948001340696023
4320.0,101.0,329752.0,31222.0,21856.0,241742.0,19758.0,1700.0,4110005659.0,10849262655.0,1722854636.0,86474205.0,12067750105.0,10851111921.0,4648540740.0,5492915.0,0.19823557167430356
4430.0,101.0,336172.0,33241.0,22709.0,243331.0,19689.0,507.0,3413017775.0,10850820083.0,1390968150.0,137342858.0,11823983780.0,10853433792.0,4727887935.0,6675264.0,0.20093035663877953
4353.0,101.0,325134.0,35197.0,22800.0,300859.0,16266.0,4465.0,2942015492.0,10849020681.0,1163929684.0,169086918.0,10603033889.0,10852544946.0,3523666439.0,14826019.0,0.20502728956987631
4439.0,100.0,330493.0,36241.0,23517.0,297641.0,17590.0,11740.0,3060990565.0,10851662637.0,1238164333.0,188149334.0,12352433176.0,10867700882.0,3962820468.0,13017439.0,0.20271889054522366
4345.0,98.0,332240.0,37326.0,25250.0,264189.0,19723.0,2422.0,5185825086.0,10857156676.0,2509607833.0,21712263.0,11224688688.0,10861903394.0,4148877602.0,5210275.0,0.19465002199719894
4256.0,99.0,322286.0,34524.0,23094.0,245171.0,20469.0,9825.0,3935325832.0,10846777605.0,1715121240.0,76692782.0,11757442929.0,10849358611.0,3698854628.0,7688490.0,0.19401980077426403
4391.0,102.0,333110.0,32368.0,22973.0,238893.0,19422.0,3303.0,3829000929.0,10845287268.0,1648628751.0,83256785.0,11423065572.0,10846690082.0,3659879819.0,9613805.0,0.19571615515544538
8023054.0,82.0,618173370.0,86490637.0,28017612.0,796384863.0,956364.0,17021536.0,2911122981.0,9726581852.0,1229257318.0,109918575.0,8380311573.0,8293350094.0,2629209919.0,10343874.0,0.6363755671769518
8619491.0,92.0,651424545.0,92088864.0,28254428.0,665382249.0,1255190.0,7932246.0,2140820918.0,7963707827.0,897637437.0,100214859.0,9097190279.0,8618004987.0,2766735070.0,9488217.0,0.6836789540259799
9968893.0,98.0,756117563.0,98692949.0,31933047.0,706419826.0,1092719.0,13039731.0,2163279466.0,8223875066.0,915417278.0,109739738.0,8688455888.0,8529397750.0,2642973634.0,10318242.0,0.708633828046612
2566994.0,91.0,1686610361.0,29574224.0,13051656.0,364161824.0,860444.0,6866529.0,2104107106.0,8396134477.0,859669683.0,128341181.0,7181083201.0,7974212865.0,2972483795.0,4757612.0,1.2662765625923211
1911834.0,75.0,1730557286.0,21447765.0,9852770.0,269938363.0,671732.0,4449826.0,1997011255.0,8085796484.0,804007163.0,135017326.0,8330449215.0,8454742832.0,2705865439.0,13362803.0,1.4062843422971432
1446377.0,98.0,1717485476.0,17741613.0,8000554.0,253139529.0,523983.0,2948561.0,3105312217.0,8286204489.0,1483181206.0,41775817.0,9240347652.0,8357758007.0,2900206434.0,8462911.0,1.3960679211057923
3531372.0,107.0,1859195859.0,31723902.0,11745985.0,367911507.0,1124993.0,2883736.0,3312429379.0,8335531979.0,1735517373.0,40169376.0,8296083277.0,8419953946.0,2744075564.0,11070722.0,1.2682089247881034
4358.0,101.0,323937.0,32364.0,21730.0,230819.0,19788.0,579.0,3374831309.0,9324999354.0,1435309981.0,75348382.0,11483043852.0,10848381945.0,4665591660.0,8732244.0,0.19848063687064593
4365.0,99.0,329125.0,32917.0,21249.0,255427.0,19552.0,169.0,3175182626.0,10842448155.0,1287465644.0,149897191.0,11614752672.0,10855615326.0,4670416236.0,8269535.0,0.19842556255532517
4419.0,98.0,336482.0,33539.0,22114.0,244370.0,19854.0,448.0,3025677242.0,10843458593.0,1193443512.0,195537631.0,12759055207.0,10861449211.0,5161088951.0,6842250.0,0.20252314897043325
4373.0,102.0,326093.0,29547.0,20281.0,249189.0,19784.0,242.0,5362216555.0,10850278693.0,2592923198.0,27001492.0,11400678467.0,10862589112.0,4505851775.0,10555721.0,0.19888277050007414
4357.0,101.0,329325.0,31847.0,22969.0,238562.0,19643.0,3919.0,3989847267.0,10838697638.0,1705451729.0,82802743.0,9773393136.0,10852181115.0,3811649302.0,7789231.0,0.19592976148182178
4415.0,100.0,334013.0,33547.0,21701.0,244674.0,19766.0,7679.0,2741309454.0,10843924071.0,1108582578.0,182064979.0,11297553750.0,10857119791.0,4624742200.0,9688163.0,0.2029083601665727
4341.0,97.0,330880.0,33869.0,22160.0,211340.0,20329.0,194.0,2734642962.0,10845147626.0,1104882464.0,184772163.0,11437041216.0,10856846541.0,4632656764.0,9476781.0,0.20104835002446456
4307.0,98.0,322086.0,33308.0,21595.0,236221.0,20164.0,842.0,2352781436.0,10853012468.0,1158007631.0,22170236.0,12526592503.0,10864383811.0,5045898807.0,4749213.0,0.1984962302077576
4368.0,100.0,324394.0,29750.0,20896.0,225473.0,18581.0,165.0,3812828772.0,10845343180.0,1598743240.0,107680137.0,9986615623.0,10856633347.0,3992839030.0,12748698.0,0.19725154476736312
4178.0,100.0,333702.0,32385.0,21419.0,74684.0,19397.0,2846.0,2641981306.0,10844729250.0,1187794822.0,237657700.0,13732831857.0,10890502155.0,5402382486.0,3692392.0,0.4062782928410419
4398.0,100.0,333833.0,34106.0,22137.0,213366.0,20174.0,2105.0,3328775536.0,8164209853.0,1391993666.0,47464182.0,12060600987.0,10863715946.0,4862918682.0,11457197.0,0.19596449372368369
4343.0,97.0,316516.0,32360.0,20893.0,231547.0,19778.0,4512.0,5190940894.0,10847719185.0,2515225893.0,88539831.0,12018607370.0,10867651289.0,4897747390.0,11441812.0,0.20542202269960239
4403.0,101.0,320298.0,32793.0,21997.0,243631.0,19393.0,1357.0,3871617023.0,10850229590.0,1899796352.0,52964344.0,12218879159.0,10868391668.0,4933372535.0,11213520.0,0.19737312222374698
4381.0,100.0,331474.0,29390.0,21240.0,229639.0,19418.0,703.0,4246067895.0,10841138459.0,1813076253.0,77009760.0,9304086731.0,10854698447.0,3684885657.0,9966071.0,0.19599939902535482
4379.0,101.0,327553.0,33844.0,22111.0,240008.0,19420.0,579.0,4180319173.0,10841133417.0,1758742344.0,81370605.0,9597262390.0,10852642149.0,4202478882.0,13406580.0,0.19900436992930434
4322.0,100.0,333472.0,35967.0,22526.0,222802.0,19625.0,122.0,3861426164.0,10839977668.0,1611630928.0,102787434.0,10604378547.0,10854926990.0,4577471839.0,6587847.0,0.1971110907848347
4400.0,98.0,332442.0,35754.0,22012.0,253568.0,19016.0,137.0,3095594306.0,10841456252.0,1234205838.0,159161256.0,10494235707.0,10855079334.0,4519651515.0,6506519.0,0.2040806317873793
4382.0,99.0,330243.0,35810.0,22310.0,236597.0,19199.0,228.0,2972602435.0,10842336915.0,1135903138.0,189949763.0,10389179155.0,10851191920.0,4513872620.0,7296136.0,0.2036158568960073
4343.0,97.0,327250.0,34359.0,21910.0,230786.0,18065.0,277.0,8027907502.0,10847264821.0,3832361646.0,58464746.0,11554700955.0,10862747739.0,5007251962.0,3227627.0,0.20771559443343232
4398.0,100.0,331155.0,35680.0,22419.0,225507.0,19794.0,1991.0,4664105849.0,10847746380.0,2284013424.0,73711335.0,10538023104.0,10854223074.0,4320425014.0,5917862.0,0.20264084438372015
4349.0,97.0,325505.0,33332.0,21906.0,211717.0,20104.0,7273.0,4039254318.0,10841511409.0,1739593030.0,76338231.0,11039194921.0,10853554950.0,4747907922.0,7617733.0,0.19504644339408414
4449.0,102.0,333923.0,35178.0,22304.0,243101.0,19342.0,2266.0,3785111905.0,10841865273.0,1613424623.0,94525873.0,10994251539.0,10854186466.0,4747170936.0,8082342.0,0.20018378803929748
4314.0,99.0,327484.0,34178.0,21499.0,245618.0,19051.0,3476.0,3145860452.0,10842625284.0,1327107259.0,137191509.0,10869013917.0,10854237012.0,4689128090.0,8015886.0,0.19829379792125768
4385.0,99.0,331207.0,33740.0,22354.0,239499.0,19467.0,4639.0,2866141193.0,10843210295.0,1182675830.0,155494928.0,10866109666.0,10854330124.0,4680108788.0,7789280.0,0.2001142958111512
4366.0,96.0,327650.0,33541.0,22582.0,222585.0,17445.0,260.0,2664919130.0,10845458016.0,1073854636.0,179659741.0,8381073976.0,10856576583.0,2662475262.0,4236647.0,0.20679531195411946
4402.0,100.0,332506.0,35255.0,22137.0,227476.0,19458.0,1648.0,4946182819.0,10847273956.0,2408326620.0,48555668.0,12198853176.0,10862827019.0,5272761040.0,5399811.0,0.2034739871787846
4332.0,99.0,322740.0,34941.0,22318.0,232922.0,18591.0,6145.0,3988242480.0,10836267267.0,1711726986.0,76764140.0,10876442547.0,10849146330.0,4700755761.0,10426238.0,0.19624456917057612
4336.0,99.0,328063.0,36730.0,23542.0,228582.0,19569.0,881.0,3595712893.0,10840066030.0,1497709754.0,119805822.0,10621858372.0,10852261999.0,4584204984.0,10817341.0,0.19573191129471876
4315.0,100.0,328777.0,34853.0,22095.0,247820.0,18937.0,641.0,2856043878.0,10842024208.0,1123915374.0,180482550.0,10733792616.0,10853838187.0,4634177157.0,10261674.0,0.20146928213340953
4425.0,102.0,322828.0,34317.0,21339.0,263892.0,18729.0,2684.0,5480181609.0,10848008552.0,2652499371.0,51902296.0,11897333530.0,10862307623.0,5130754285.0,5723031.0,0.20201411360931038
4320.0,97.0,325104.0,34699.0,22831.0,270104.0,18836.0,2513.0,3950599615.0,10839476906.0,1696229177.0,73296241.0,7722211796.0,10850023667.0,2372455890.0,7483579.0,0.19374073483638288
4352.0,100.0,329854.0,34036.0,22190.0,235382.0,19672.0,928.0,2921747186.0,10842619934.0,1214135952.0,155993723.0,9239722074.0,10852726792.0,3976390516.0,7892970.0,0.19852196996190902
4199.0,97.0,326719.0,32986.0,21920.0,212406.0,19678.0,105.0,2717691258.0,10841698951.0,1099274823.0,183979615.0,10009729147.0,10854949739.0,4217575758.0,8081645.0,0.19799988315900363
4487.0,102.0,323406.0,33013.0,21936.0,187440.0,19234.0,494.0,2870352001.0,10843968177.0,1182656652.0,174205733.0,10114576978.0,10865250655.0,4123430651.0,7377467.0,0.2264845719002561
4356.0,100.0,330798.0,33731.0,21881.0,243214.0,20487.0,2574.0,3814795888.0,10843327170.0,1785213432.0,84384946.0,9816775225.0,10848789071.0,4039459806.0,11157022.0,0.1919717227601045
4444.0,96.0,323154.0,32487.0,22318.0,171328.0,17917.0,113.0,2810079087.0,10843415856.0,1251149372.0,208784280.0,8539856320.0,10846337008.0,3521961130.0,11903867.0,0.23961802875147545
4365.0,98.0,328149.0,35967.0,22966.0,229399.0,19691.0,2620.0,5697015387.0,10849714966.0,2749592873.0,60229540.0,10746210854.0,10866775741.0,4097162385.0,13878436.0,0.20054020147802393
4446.0,101.0,330592.0,33955.0,22031.0,258291.0,18060.0,10626.0,4258732070.0,10846430881.0,2057106184.0,66864882.0,9614343345.0,10863662814.0,4145016213.0,10291000.0,0.20400086065930823
4373.0,100.0,325871.0,35185.0,21532.0,225499.0,20116.0,3551.0,3478544019.0,10842765715.0,1713324368.0,85061958.0,9761439691.0,10851643950.0,3714043124.0,12842625.0,0.19195625667783067
4377.0,101.0,329010.0,29751.0,20637.0,241312.0,19485.0,1301.0,3571764135.0,10835733320.0,1513972691.0,89083778.0,8171192095.0,10852089472.0,3071987641.0,11722053.0,0.20081536349691909
4339.0,102.0,336479.0,39137.0,26290.0,208420.0,20443.0,89.0,4571567168.0,10873839074.0,1924195284.0,99711366.0,1474146794.0,2164682722.0,847657875.0,1262161.0,0.19055806581355061
4388.0,100.0,331844.0,38836.0,25612.0,236771.0,20381.0,387.0,3316631396.0,10849553246.0,1359929037.0,126516454.0,9726447155.0,10840328280.0,4175782239.0,8009423.0,0.1898874263683596
4308.0,99.0,327323.0,38619.0,25779.0,237077.0,20652.0,172.0,3024908612.0,10853072115.0,1198146938.0,160921671.0,8991281344.0,10842088898.0,3874942857.0,8351928.0,0.18967712982299917
4381.0,99.0,331652.0,34911.0,23112.0,223550.0,20640.0,3218.0,3081287008.0,10850868995.0,1150454844.0,228036080.0,11518292862.0,10859904471.0,4966825983.0,6148461.0,0.20199669931447206
4363.0,100.0,325440.0,35528.0,23161.0,238343.0,19538.0,5801.0,5613043006.0,10861202153.0,2700024950.0,28596407.0,9356720613.0,10853521040.0,3409395900.0,3765897.0,0.19435904750890845
4353.0,101.0,325844.0,38749.0,24875.0,225518.0,19913.0,142.0,3674973508.0,10850234938.0,1602330613.0,73360143.0,9286445044.0,10838570790.0,3781225782.0,10211946.0,0.1925782637105241
4279.0,100.0,325754.0,38956.0,26161.0,204139.0,20243.0,132.0,3691738842.0,10847020940.0,1576671366.0,80587563.0,9712971989.0,10840410275.0,4162743321.0,9093021.0,0.19082693639412068
4323.0,100.0,327179.0,38471.0,25422.0,231907.0,18739.0,127.0,3440830359.0,10848387431.0,1464181380.0,101057555.0,8719494920.0,10842262467.0,3731113616.0,10227852.0,0.1933377813631594
4350.0,100.0,329062.0,38232.0,25142.0,234445.0,19824.0,78.0,3018895525.0,10849984708.0,1263207917.0,134269873.0,9501442842.0,10840658163.0,4064134505.0,9651808.0,0.19010506963697102
4323.0,100.0,324927.0,38146.0,25329.0,232650.0,19818.0,156.0,2794868878.0,10854307650.0,1154505655.0,150863667.0,8339511424.0,10841907386.0,3040596872.0,9351432.0,0.19190911121638224
4326.0,98.0,330977.0,38338.0,25466.0,211761.0,20948.0,6881.0,2630067943.0,10851035277.0,1059968954.0,177325309.0,9503120702.0,10844133695.0,4064342184.0,10920940.0,0.19121804814303683
4411.0,99.0,333550.0,37454.0,23951.0,234767.0,19648.0,9636.0,4710738507.0,10857720742.0,2263766798.0,48472704.0,9521425932.0,10852638689.0,4057159482.0,7216895.0,0.20211209876338207
4335.0,98.0,333805.0,39923.0,25885.0,218565.0,19996.0,176.0,3735474850.0,10846074975.0,1596875806.0,75790073.0,9329647848.0,10841425794.0,3999227742.0,11175381.0,0.19304800679727796
4359.0,100.0,326942.0,38609.0,24980.0,222378.0,18719.0,105.0,3546636791.0,10847633118.0,1487580218.0,108931250.0,8135544365.0,10842077661.0,3002450095.0,16523311.0,0.19499267072397486
4413.0,101.0,330210.0,39469.0,26171.0,229639.0,19668.0,12051.0,2784128339.0,10853792529.0,1109546709.0,173933161.0,13122185162.0,10844938838.0,5027926227.0,8436127.0,0.19300397437079572
4459.0,102.0,332398.0,37894.0,24126.0,196242.0,19487.0,8256.0,3601819749.0,10861271311.0,1741151144.0,46360249.0,13800938582.0,10856397969.0,5383391761.0,4999292.0,0.19770018559554836
4304.0,99.0,333961.0,39358.0,25839.0,232858.0,18651.0,1091.0,3838967293.0,10854215875.0,1858925182.0,71733509.0,10702357831.0,10836573920.0,3484668970.0,15384857.0,0.1929964464777523
4283.0,99.0,324092.0,38369.0,25398.0,272367.0,16200.0,278.0,3136110593.0,10851900646.0,1312034326.0,123940658.0,10883202447.0,10844966102.0,3627242228.0,13242721.0,0.1961822384609649
4449.0,100.0,329333.0,39275.0,25390.0,234601.0,18806.0,132.0,2682440625.0,10854104300.0,1082440265.0,181020038.0,10601247926.0,10844376180.0,3391564163.0,14710844.0,0.19543088658541188
4365.0,98.0,328973.0,39175.0,25030.0,187727.0,16616.0,9494.0,2674517597.0,10856435296.0,1084957250.0,181995130.0,12198496261.0,10846792759.0,3893348084.0,6808515.0,0.21803740791531517
4214.0,98.0,323449.0,38164.0,25277.0,227956.0,18042.0,145.0,4669988772.0,10865925005.0,2369405481.0,21140306.0,12153627769.0,10842371194.0,3904017877.0,6597817.0,0.19480902026875868
4485.0,100.0,335611.0,40065.0,25801.0,271114.0,16340.0,8289.0,2820897213.0,10854393251.0,1166671869.0,165785297.0,10572860931.0,10844849754.0,4226157950.0,6893360.0,0.19416961469278654
4282956.0,107.0,301048511.0,37748645.0,12404075.0,306850722.0,494878.0,5329969.0,185934676.0,5140785131.0,81803566.0,53222004.0,21519908688.0,10902916116.0,6721861202.0,467032.0,0.7132448383407488
4376.0,99.0,326122.0,35170.0,23268.0,262866.0,15949.0,4101.0,3464123939.0,10847399886.0,1599704494.0,54401469.0,11154852798.0,10867975829.0,3825912428.0,9801519.0,0.2071848847604774
4434.0,101.0,329218.0,37085.0,23622.0,234403.0,16301.0,1168.0,4962173091.0,10850936927.0,2384286663.0,87543996.0,11695495006.0,10862420530.0,3642332760.0,13533020.0,0.20499571678294046
4439.0,102.0,334664.0,36000.0,24075.0,229584.0,18868.0,19358.0,4136897481.0,10853625708.0,2019441710.0,71813999.0,11678683349.0,10857775880.0,3635255710.0,13804075.0,0.1978598425335012
4390.0,100.0,332913.0,33912.0,21861.0,228924.0,19885.0,505.0,3900659333.0,10838015747.0,1665674716.0,84923014.0,11523616427.0,10851084666.0,4650775853.0,8385968.0,0.19978102332202885
4334.0,99.0,327856.0,33954.0,22018.0,237110.0,19412.0,5284.0,4064158790.0,10838801207.0,1712223406.0,86697615.0,11599887547.0,10853009943.0,4627445395.0,8727182.0,0.1981434570550265
4371.0,104.0,335051.0,33751.0,22191.0,240468.0,19702.0,2262.0,3727694287.0,10839265755.0,1539719136.0,114651162.0,11690282874.0,10853988802.0,4714445560.0,8527442.0,0.20326538821324835
4304.0,100.0,329537.0,32929.0,22300.0,234897.0,19046.0,2108.0,3110638005.0,10843696386.0,1232049526.0,167353964.0,11387028284.0,10856564976.0,4543278119.0,8673179.0,0.19994761775389888
4398.0,99.0,332731.0,30089.0,21640.0,214902.0,18679.0,453.0,3002734048.0,10842939573.0,1145683799.0,191698148.0,10727414272.0,10858624972.0,4242765690.0,6106769.0,0.2012071001987854
1965663.0,105.0,137331405.0,15525308.0,4980559.0,138901746.0,260871.0,5402007.0,6813702912.0,10849831998.0,3290805770.0,41171681.0,12368177167.0,10864300904.0,4951818617.0,6379298.0,0.7352755928524831
4372.0,98.0,326958.0,32945.0,21664.0,225005.0,20194.0,17050.0,2792300331.0,8210965529.0,1277499721.0,59433448.0,10093482755.0,9441085457.0,4121386541.0,8277601.0,0.1950845645191486
3154415.0,107.0,222644122.0,27795960.0,9052556.0,221599433.0,455354.0,1247510.0,4030480203.0,10841519841.0,1729044489.0,78080400.0,11470390352.0,10852778036.0,4673048985.0,9530045.0,0.6996671358756957
9623583.0,100.0,674799858.0,84613422.0,27640980.0,595273754.0,1184117.0,3637622.0,2854903621.0,8422222540.0,1214934887.0,74660254.0,8900823046.0,8257756610.0,3563835503.0,8678317.0,0.7174016129793515
8503063.0,75.0,612832998.0,77636451.0,25391160.0,759373324.0,989158.0,4737691.0,2184083598.0,7893910867.0,916686260.0,100965233.0,7329600533.0,8112744509.0,2876433574.0,6358489.0,0.6454345981127516
10239415.0,84.0,772315512.0,104222046.0,34577595.0,1031851779.0,1027521.0,6036389.0,2322310099.0,8496814470.0,965168847.0,115041068.0,6554077561.0,7429612414.0,2617470655.0,6880001.0,0.6291633819218626
9803104.0,92.0,772254550.0,98166664.0,31379367.0,521953841.0,1246838.0,8370594.0,1802133102.0,7446866214.0,741898902.0,112271467.0,8482853563.0,8021084782.0,3426847562.0,9321761.0,0.7698040805760401
10795093.0,94.0,848552181.0,110234074.0,35588953.0,740544901.0,1446788.0,10825041.0,2114515827.0,8656828801.0,852103888.0,142790529.0,8700336854.0,8383166222.0,3557095217.0,9126691.0,0.7265313571693774
9150053.0,119.0,709131932.0,91696628.0,27917169.0,686691426.0,1167466.0,12083949.0,2292648380.0,8674974644.0,971212563.0,123961669.0,9578301121.0,8114828240.0,3923837387.0,7883566.0,0.7139521079428514
9525002.0,94.0,730191324.0,97183656.0,30444797.0,954582112.0,1207858.0,13475530.0,4370514788.0,8318453811.0,2112402063.0,16568718.0,9288452128.0,8175949748.0,3814651500.0,6386298.0,0.6478036317754358
9525031.0,82.0,753474343.0,97132252.0,30697442.0,514149009.0,1467472.0,9256846.0,3066444754.0,8622872337.0,1313271024.0,65478662.0,8408595024.0,8153490022.0,3434949712.0,9619430.0,0.7533021915957824
8880565.0,102.0,696926017.0,87871192.0,27544229.0,684961978.0,1238546.0,5654735.0,2768410594.0,7959556725.0,1155638737.0,73921137.0,7519380649.0,8429763374.0,2920461213.0,7136274.0,0.6974916506471558
7855966.0,82.0,600957334.0,85309871.0,24475550.0,743747949.0,1212639.0,7573020.0,2128103711.0,7956837114.0,864064413.0,117016602.0,7136642039.0,7994625550.0,2792890208.0,6988747.0,0.6556930905732017
9055483.0,91.0,692195224.0,98337374.0,27381537.0,765400778.0,1508094.0,8720165.0,2137110638.0,8145601519.0,835878208.0,139648095.0,8070183179.0,8009020180.0,3548002072.0,6014377.0,0.7065774638956861
9388695.0,112.0,713687342.0,92882040.0,27319442.0,748921199.0,1441886.0,11078388.0,4220555572.0,8040564619.0,2025927730.0,40578487.0,8834216901.0,8164107820.0,3804418254.0,3281271.0,0.6942267255966275
10087629.0,90.0,765444345.0,111371928.0,31810419.0,908475313.0,1699441.0,3161958.0,3721221601.0,8259034541.0,1894275288.0,39120912.0,8536930123.0,8388340097.0,3730885927.0,6754730.0,0.6634057722518304
8794270.0,98.0,678023619.0,98561411.0,27575200.0,571115631.0,1425601.0,3949388.0,3029174389.0,8508700670.0,1287807786.0,65899731.0,8284508705.0,8141951448.0,3607381278.0,6582011.0,0.7280025824629546
9988005.0,115.0,758520792.0,104734178.0,31277701.0,844627037.0,1401223.0,3653842.0,2056667013.0,8381645995.0,838544638.0,134831308.0,8120450296.0,8116242991.0,3473524636.0,5618122.0,0.6771592554405508
8175480.0,100.0,618641721.0,83089753.0,26631919.0,747613890.0,1054177.0,2487280.0,2099238472.0,8506829944.0,847788247.0,142127483.0,7262092060.0,8104192697.0,2940305179.0,10131012.0,0.6503293151000141
9827553.0,90.0,742214498.0,98666653.0,29737267.0,925296368.0,1188505.0,12083426.0,2055288881.0,8498758358.0,829921302.0,139252011.0,7344623741.0,8270809766.0,2798459004.0,5922383.0,0.6825876428187713
8250579.0,96.0,626086439.0,84450666.0,25746635.0,795238574.0,1083677.0,24056975.0,1628736991.0,8031286536.0,808745848.0,12402504.0,9750380802.0,8452413614.0,4218606607.0,2497434.0,0.6575844040416171
9699336.0,86.0,714427548.0,93978340.0,29412609.0,819889096.0,1163489.0,3942872.0,2906447427.0,8345448559.0,1230594893.0,63979897.0,8868475278.0,8463982985.0,3832764645.0,7445342.0,0.6622882489105668
8217544.0,109.0,606478934.0,79123813.0,25323359.0,741262679.0,1034573.0,8877816.0,1742494603.0,6932783493.0,746249559.0,120401719.0,8284237085.0,8195118633.0,3547873908.0,7583817.0,0.6434148376901125
17700234.0,74.0,1327112845.0,173143623.0,52002052.0,1723630622.0,2079751.0,6720168.0,780863243.0,7777579263.0,368435707.0,130366831.0,14083681548.0,10859519328.0,6015262902.0,808304.0,0.6715023877575437
8454084.0,96.0,648676087.0,80356042.0,23257252.0,774407580.0,1040649.0,7700016.0,3049634474.0,8277968913.0,1285535875.0,52496215.0,9178630421.0,8256832188.0,3949997233.0,6746677.0,0.6949270739818755
10366992.0,94.0,793880419.0,94219078.0,28228345.0,853594364.0,1030793.0,8225836.0,4058574797.0,8365403089.0,1975837267.0,68730068.0,6378656824.0,8291437141.0,2014118246.0,5455489.0,0.719687626439837
9616421.0,126.0,726387514.0,91097265.0,27672080.0,863256040.0,973079.0,5145474.0,3307564450.0,8219311734.0,1601305936.0,54878169.0,9851795767.0,8466499283.0,4260884760.0,5880069.0,0.6816881538319042
9325313.0,106.0,708415956.0,92655520.0,29206554.0,845776396.0,1243063.0,2406456.0,3363811926.0,8498885147.0,1639092951.0,57967614.0,9319181783.0,7988938922.0,4005527700.0,8570489.0,0.6526200672266003
9958281.0,116.0,762842337.0,110682412.0,31453030.0,483917523.0,1783309.0,4771749.0,3103671615.0,8526335375.0,1325197740.0,65906770.0,8808840856.0,8217363423.0,3824258352.0,7738028.0,0.77878509266009
8241637.0,126.0,625369426.0,93112298.0,26233562.0,763744084.0,1290157.0,2737801.0,2876526490.0,8018651336.0,1214957017.0,65410929.0,8789923280.0,8178181455.0,3797699856.0,8532320.0,0.6631701248023587
4555266.0,110.0,1275197617.0,51334779.0,16217257.0,455143948.0,1432717.0,1904650.0,2948796778.0,8256498429.0,1232437333.0,68328322.0,8658162079.0,8138153496.0,3709893195.0,8077598.0,1.053314393476586
5082726.0,116.0,1417059567.0,56516597.0,17602181.0,521335440.0,1652145.0,3419483.0,2809445635.0,8368799204.0,1163134455.0,88098107.0,8507689214.0,7775950470.0,3687033269.0,7565545.0,1.065269166513221
5254919.0,110.0,1464544182.0,58956752.0,19233598.0,538435421.0,1440585.0,2862539.0,2325058297.0,8046392196.0,936288916.0,111332564.0,8973431284.0,8394466700.0,3843023275.0,8399110.0,1.04944668151965
4359172.0,97.0,1224228912.0,48588245.0,15891189.0,466447356.0,1059262.0,3986509.0,2194730552.0,8293721256.0,850665980.0,135636517.0,5832640632.0,8389171326.0,1794484370.0,8275001.0,1.0649652214342786
2552089.0,88.0,1681362205.0,29323726.0,10075667.0,324385583.0,1033231.0,1843992.0,2399425974.0,8327502983.0,895741788.0,177521507.0,8228987611.0,8390172901.0,3523026746.0,4810579.0,1.3183304933210356
2787193.0,114.0,1823849344.0,31204992.0,11997669.0,308521529.0,1018446.0,3299668.0,6148080407.0,8415685352.0,2959312135.0,42441539.0,8336798029.0,8309538232.0,3379316281.0,3524882.0,1.28939992576489
2259792.0,86.0,1495556644.0,26256182.0,10546570.0,288483553.0,1235110.0,1209949.0,5167303398.0,8401550176.0,2510345587.0,29216093.0,8310965529.0,8178330291.0,3325438383.0,6906895.0,1.2290261428822735
2264431.0,110.0,1501301280.0,25664728.0,10552265.0,284641473.0,1086231.0,1272151.0,3026267248.0,8246086929.0,1309215027.0,58366751.0,6404549677.0,7380435780.0,2331328977.0,4205471.0,1.228368883101947
2238360.0,85.0,1468553531.0,25716904.0,10661033.0,297280587.0,1151051.0,1346903.0,2980348961.0,8343939307.0,1275251834.0,62332298.0,8026881516.0,8309507083.0,3245279846.0,8380353.0,1.2129671323410989
2280616.0,110.0,1478281460.0,25947925.0,10591659.0,302548203.0,1040716.0,1282160.0,2598328873.0,7902151569.0,1102739837.0,74428628.0,7579511898.0,8045720061.0,3046956825.0,9179308.0,1.2250853402413227
2238793.0,78.0,1457691726.0,25789062.0,11034375.0,298872950.0,1012904.0,1954874.0,2359885441.0,8333963571.0,983472257.0,108048419.0,7648811739.0,8272318509.0,3256605930.0,8082632.0,1.221834833311237
2667659.0,99.0,1768519239.0,29723561.0,12078745.0,331532480.0,1032126.0,1744409.0,2277436479.0,8360984706.0,948778978.0,112596717.0,6802015952.0,8048519190.0,2913116466.0,8100036.0,1.225952883618753
1772094.0,80.0,1646701208.0,21036722.0,10228992.0,281179833.0,738164.0,1999961.0,1630651802.0,6383107427.0,671215371.0,96207024.0,7041977787.0,8330228408.0,2641969834.0,6402858.0,1.3001171021988724
1882090.0,113.0,1714299017.0,21769249.0,10010480.0,248662345.0,803229.0,3381133.0,1977058711.0,8064749111.0,798705763.0,133810377.0,6971169380.0,8329148747.0,2942229169.0,10072535.0,1.3084652025907986
1752901.0,105.0,1642818896.0,20794072.0,8321718.0,217378232.0,747595.0,1975730.0,1961407984.0,8359400986.0,940535046.0,39354784.0,7979284615.0,8057364701.0,3071473723.0,8596807.0,1.3266842638644105
1787630.0,117.0,1640919597.0,21354897.0,8996118.0,276964501.0,934140.0,1963787.0,4322239430.0,7487020548.0,2074819925.0,16583807.0,8710531167.0,8217754645.0,3227704200.0,7671139.0,1.2887315962302026
2164080.0,115.0,2060802867.0,25154760.0,11338340.0,282897125.0,935810.0,1145872.0,2531436010.0,7658034738.0,1082878578.0,64653073.0,6814463850.0,8367874651.0,2497455961.0,9068428.0,1.2989734476154424
1687462.0,77.0,1584827265.0,20207745.0,9338013.0,239648250.0,817562.0,659742.0,2607620268.0,9960368213.0,1041824896.0,157756112.0,8124508399.0,8480622891.0,3465034101.0,6421957.0,1.2849493327446682
1786049.0,114.0,1666588550.0,21384540.0,8051605.0,245756592.0,841494.0,1309481.0,2347639430.0,8082625843.0,921741314.0,167478989.0,7961056865.0,8371991129.0,3365977691.0,4497835.0,1.3713680033293876
1867418.0,90.0,1721962491.0,21974540.0,9037012.0,260138213.0,892800.0,5394218.0,3511939829.0,8232094217.0,1715541025.0,18899527.0,8314783659.0,8329104515.0,3556395308.0,3766668.0,1.3451256081979281
1808492.0,79.0,1698549786.0,22475160.0,10093363.0,240856400.0,1005954.0,1091353.0,3073248081.0,8390704431.0,1316989438.0,58978156.0,7528140824.0,7751964851.0,3255291486.0,5772863.0,1.2833477825980175
1767008.0,119.0,1678113775.0,20483610.0,9487062.0,249386194.0,747668.0,752856.0,2383625211.0,8031288345.0,1001183874.0,98000084.0,6741359270.0,8040162631.0,2683514016.0,10283094.0,1.2874170742512479
1332966.0,96.0,1632544947.0,15804520.0,7594928.0,242999260.0,661068.0,648969.0,2111601579.0,8387034128.0,852425313.0,141698840.0,5644496671.0,6986709058.0,2077156700.0,5407716.0,1.313931919542247
1391971.0,90.0,1672797471.0,17134759.0,8288317.0,271353972.0,673208.0,2470704.0,2077830490.0,8296210057.0,839487681.0,140658875.0,7087533668.0,8315355211.0,3015176009.0,8511160.0,1.3030604305242095
1383363.0,96.0,1728607296.0,18742665.0,8369762.0,135060980.0,736825.0,2719491.0,1924441028.0,7831133100.0,875822439.0,66116170.0,7826457020.0,7825489050.0,3356983498.0,4787304.0,1.3707764981434638
1418321.0,80.0,1710299905.0,17324412.0,8476316.0,249834146.0,906960.0,820272.0,3100237191.0,8168479156.0,1581640563.0,42559804.0,7455760362.0,7823556224.0,3243970226.0,7618145.0,1.3080199953112746
1318025.0,89.0,1609911051.0,15929623.0,8028402.0,263344245.0,681140.0,1119856.0,2224958635.0,8156493775.0,941176302.0,118898892.0,6908778469.0,8209560820.0,2977499144.0,8162431.0,1.3059043566656758
3014788.0,96.0,3732474513.0,32741517.0,12394000.0,280179411.0,1205944.0,1073854.0,2287968934.0,8100336395.0,976744099.0,181010154.0,7536143715.0,8684559647.0,2754114137.0,10004178.0,1.4146532226801751
1345150.0,83.0,1680539450.0,17331968.0,8277726.0,279142170.0,906018.0,1775515.0,1486230669.0,2278150256.0,684438078.0,10580562.0,7913772923.0,8244874036.0,3408934314.0,8276314.0,1.3851985330550316
1453876.0,131.0,1767793183.0,17835531.0,7040383.0,241807641.0,791820.0,1440323.0,5151737945.0,8465013328.0,2487738986.0,57481939.0,7757030423.0,8015892171.0,3356508225.0,9713418.0,1.3960831832580227
1450429.0,103.0,1765427669.0,17824407.0,7526448.0,220743032.0,701388.0,1075009.0,3744560401.0,8439590962.0,1800477831.0,63976177.0,6976157094.0,8098819513.0,2969543845.0,7895843.0,1.3664544205028986
1338334.0,57.0,1696037609.0,17138057.0,8136664.0,286911175.0,861387.0,3458218.0,2919868463.0,8127126672.0,1425131961.0,41071273.0,7359277267.0,8231535754.0,3152943985.0,9364529.0,1.3452989477106738
1392833.0,90.0,1723173553.0,17307664.0,7928969.0,246781055.0,896592.0,992686.0,2935708663.0,7908088762.0,1254483743.0,60636608.0,7837412334.0,8382649434.0,3378486462.0,8761923.0,1.3122961511187161
1380506.0,95.0,1652491325.0,15198802.0,7730334.0,214983548.0,716886.0,513839.0,2963668872.0,7971921001.0,1259740478.0,65200150.0,6475445698.0,8350301685.0,2317024689.0,8810947.0,1.305064947729064
1477290.0,51.0,1737080497.0,16888260.0,7897132.0,227213086.0,693145.0,798176.0,3127227066.0,8376880028.0,1310550631.0,66592946.0,10948991731.0,8313706958.0,4217018314.0,4979138.0,1.3643219102041926
5408146.0,100.0,1404029717.0,40552682.0,13938335.0,373627555.0,1079929.0,3746769.0,2806781239.0,7912147113.0,1164232524.0,79446532.0,10591298322.0,8687219999.0,4120163827.0,6219122.0,1.1789963549830227
10490746.0,109.0,967273498.0,71583348.0,21426806.0,336408233.0,1450648.0,10174348.0,2396710793.0,8222896373.0,969652053.0,114522732.0,6586112355.0,7186709595.0,2752710514.0,3987263.0,1.0009683081425242
10168773.0,104.0,931307281.0,73265127.0,22092047.0,413818110.0,1309137.0,10220073.0,2171950233.0,7954355029.0,852910697.0,125169582.0,7664570776.0,7306545637.0,2483003993.0,11113164.0,0.954392737437635
4310.0,102.0,332623.0,35304.0,23399.0,215005.0,15794.0,530.0,2294723261.0,8518326965.0,876884248.0,147450855.0,10520641131.0,9542817660.0,3417162835.0,11238666.0,0.21627490739238286
4451.0,101.0,340154.0,36766.0,23315.0,196157.0,18531.0,1264.0,7040385939.0,10869375372.0,3396877830.0,43239922.0,10649250305.0,10850877189.0,4275699663.0,4511411.0,0.21093725320018822
4416.0,99.0,336156.0,40755.0,26074.0,182436.0,19243.0,381.0,3975690527.0,10859633709.0,1779227329.0,73363307.0,11839209680.0,10835438487.0,3697614059.0,7192325.0,0.19845142738354038
4346.0,99.0,338369.0,38631.0,25394.0,220916.0,18822.0,151.0,3917586765.0,10858209526.0,1686569990.0,81202771.0,11604216163.0,10836154344.0,3697387396.0,8327290.0,0.20036527117534586
4452.0,100.0,343554.0,39064.0,26062.0,191244.0,19048.0,145.0,3699964916.0,10858571030.0,1565414183.0,102581811.0,11046254557.0,10839137564.0,3590134005.0,11349056.0,0.20446146354175312
4419.0,100.0,329950.0,38121.0,25036.0,203064.0,18620.0,124.0,3013599057.0,10861716729.0,1261128129.0,143757852.0,11072317747.0,10838609015.0,3429744965.0,11802508.0,0.20646204192948733
4403.0,99.0,335057.0,39076.0,25753.0,232260.0,18040.0,100.0,2771565979.0,10862249011.0,1142221113.0,161608140.0,10899256786.0,10839451891.0,3335569279.0,11804203.0,0.20486642027227484
4383.0,96.0,331983.0,37510.0,24102.0,243709.0,13771.0,1657.0,2673211862.0,10864035904.0,1077698559.0,180579664.0,10043587042.0,10835987494.0,3194157006.0,15936910.0,0.21206100617528106
4331.0,99.0,337014.0,40185.0,25312.0,230739.0,17549.0,9368.0,5544906809.0,10870783688.0,2650027078.0,40886929.0,11994336344.0,10848584487.0,3727536979.0,8526656.0,0.20344462623894063
4366.0,100.0,334962.0,38701.0,25703.0,202517.0,20264.0,254.0,3796856299.0,10858688036.0,1628719490.0,87926148.0,10035696840.0,10834993161.0,3695635142.0,10358284.0,0.19864815429477087
4392.0,99.0,332826.0,40173.0,26033.0,213109.0,19653.0,136.0,3585682091.0,10859425003.0,1483331831.0,126071747.0,11508951136.0,10838714599.0,4599245523.0,8250430.0,0.20188367471897203
4425.0,102.0,338399.0,38034.0,25039.0,185938.0,19851.0,2041.0,2901485037.0,10862110174.0,1141473068.0,187226249.0,11225832914.0,10836913259.0,4524659411.0,9107108.0,0.20960603494845084
4375.0,101.0,337772.0,37903.0,24822.0,186788.0,19532.0,7061.0,5966465726.0,10867334736.0,2871733048.0,43895725.0,12448722112.0,10848878360.0,5000275234.0,5537932.0,0.20239403053465424
4290.0,98.0,331295.0,37919.0,25067.0,184779.0,19135.0,100.0,4023286602.0,10859309100.0,1724683594.0,74282229.0,9781615295.0,10838174752.0,3858000100.0,6701220.0,0.1951128626382936
4401.0,99.0,330673.0,39573.0,25857.0,180666.0,19736.0,176.0,2810423083.0,10860925895.0,1144253496.0,174363819.0,10072737877.0,10842892700.0,4022882299.0,9293899.0,0.20188346926089287
4416.0,101.0,331466.0,38886.0,26238.0,196480.0,19843.0,6818.0,2750391443.0,10862619198.0,1112028340.0,186053347.0,11335500980.0,10842682636.0,4616634005.0,9654044.0,0.19689842218264453
4409.0,100.0,323081.0,38086.0,24486.0,200021.0,20035.0,9732.0,2588896959.0,10867086121.0,1242975811.0,46975529.0,12161198248.0,10849160985.0,4879269089.0,4334934.0,0.2106724073448587
4389.0,100.0,336622.0,39234.0,25657.0,204726.0,19852.0,261.0,4111452895.0,10859140658.0,1743026320.0,80001949.0,11171890950.0,10836566376.0,4514004170.0,10226382.0,0.20164387135402234
4439.0,101.0,329976.0,27922.0,20154.0,30665.0,17730.0,146.0,2860304590.0,10859434765.0,1294795056.0,216695191.0,10412139368.0,10847200194.0,4101941009.0,7929255.0,0.4959850854106729
4332.0,101.0,328161.0,33235.0,21888.0,190855.0,21098.0,3467.0,1424020481.0,1989102283.0,659033036.0,8131112.0,11289478039.0,10850369925.0,4597495850.0,10626047.0,0.21085535143965026
4521.0,98.0,340963.0,33968.0,22440.0,192926.0,20256.0,11207.0,5749755395.0,10853854076.0,2766040324.0,87788829.0,12031977054.0,10860857055.0,4874273944.0,11457601.0,0.20706143729937226
4437.0,96.0,338785.0,33264.0,21643.0,201900.0,20007.0,4328.0,3675469056.0,10855516411.0,1807813924.0,49826020.0,11805744133.0,10860069722.0,4807676276.0,10014746.0,0.2103788257131017
4300.0,99.0,338513.0,34078.0,22287.0,176530.0,20427.0,1354.0,3914794993.0,10845044638.0,1675422030.0,79321782.0,11210151754.0,10846461911.0,4512142380.0,10908891.0,0.2077732175582066
4431.0,101.0,338156.0,32792.0,21477.0,190699.0,19990.0,1747.0,3988059148.0,10844318430.0,1682746909.0,82099018.0,9497506319.0,10847935857.0,3701436183.0,9359694.0,0.20467640968587122
4406.0,98.0,328798.0,33972.0,21627.0,187416.0,20886.0,199.0,3722859021.0,10843310178.0,1561724936.0,90202068.0,10477708852.0,10848502849.0,4560458075.0,6636087.0,0.2066595605411635
4377.0,100.0,332486.0,34974.0,21974.0,167854.0,19509.0,170.0,3196213798.0,10843865253.0,1295275510.0,139182633.0,10412009865.0,10849093110.0,4491025752.0,6290470.0,0.2080871882914534
4375.0,99.0,333146.0,33841.0,22221.0,190674.0,19588.0,3518.0,2927489315.0,10845309486.0,1128018122.0,180861221.0,10441361320.0,10851759066.0,4480123815.0,6205204.0,0.2061511385721792
4423.0,101.0,334228.0,35655.0,22456.0,190953.0,19400.0,1670.0,2887306723.0,10852598117.0,1375985946.0,66277809.0,12460615101.0,10862351769.0,5324101926.0,5324594.0,0.21296078345825886
4419.0,101.0,337928.0,33717.0,22180.0,186541.0,20180.0,424.0,6228656611.0,10853878880.0,3025523208.0,29170949.0,11353750907.0,10858578580.0,4703812629.0,10213899.0,0.20594775057393366
4358.0,100.0,325113.0,35544.0,22298.0,165658.0,20102.0,3468.0,3798368591.0,10848179749.0,1646672639.0,75025953.0,10976361312.0,10848244998.0,4727410253.0,7244751.0,0.2015699433390203
4296.0,99.0,325512.0,35047.0,21303.0,175514.0,19438.0,122.0,3773048829.0,10845281942.0,1619212786.0,79081909.0,10818689648.0,10847982576.0,4657166586.0,7880550.0,0.20853988573842647
4382.0,99.0,339138.0,34601.0,21423.0,194467.0,19579.0,143.0,3128904538.0,10846077064.0,1313413291.0,126691426.0,10825934072.0,10848217408.0,4666132408.0,7914945.0,0.20574778863849771
4416.0,99.0,336224.0,36690.0,22801.0,179445.0,20041.0,1773.0,2888257082.0,10845873407.0,1198429164.0,145094901.0,10749034595.0,10849115425.0,4646395779.0,7717565.0,0.2045251845904407
4399.0,102.0,331048.0,36069.0,23153.0,198836.0,19544.0,169.0,2720861502.0,10847287272.0,1108704964.0,163402409.0,10796766922.0,10849136260.0,4664899617.0,7581990.0,0.2085415754159446
4313.0,96.0,325295.0,33557.0,22141.0,169837.0,18236.0,479.0,2873187376.0,10845668655.0,1110209192.0,221630099.0,9071134248.0,10868656252.0,2888731176.0,3073296.0,0.20895353767277425
4382.0,100.0,331158.0,34480.0,22120.0,180663.0,19943.0,347.0,5917786213.0,10855558296.0,2892536741.0,23079255.0,12328843520.0,10855473192.0,5361107889.0,7663609.0,0.20277886713809912
9479866.0,105.0,662400435.0,86463047.0,27358896.0,808038974.0,1300325.0,5041786.0,3835705424.0,10843511920.0,1629567198.0,84482460.0,11007756574.0,10847595486.0,4759220844.0,9592497.0,0.6532895969222755
8516268.0,97.0,597602003.0,78591034.0,25300012.0,742321124.0,1018543.0,4560015.0,2460283531.0,8404523794.0,1012343578.0,104677825.0,8953487991.0,8287558748.0,3859551955.0,7771062.0,0.6419323816681248
7497721.0,105.0,558776854.0,78735802.0,25338279.0,801300417.0,868210.0,14302350.0,2142796042.0,8254294114.0,847309878.0,135046989.0,8260682295.0,7733181497.0,3561478004.0,7522479.0,0.6064282620852799
8460475.0,77.0,635260098.0,88770197.0,27332592.0,840746873.0,882023.0,12731210.0,1869607183.0,8053233404.0,901997553.0,32640653.0,10752306877.0,8602413567.0,4633595770.0,5934440.0,0.6406221437788012
8650870.0,102.0,679971111.0,89985182.0,27533299.0,843012367.0,1229437.0,11605879.0,4575432534.0,8276483101.0,2192856519.0,22575474.0,9273375716.0,7904122595.0,4008980289.0,5783021.0,0.6638416491247385
7735145.0,94.0,606041152.0,80625259.0,25152936.0,745159469.0,930108.0,3524243.0,2523142343.0,7733172855.0,1080112157.0,57832069.0,5722531133.0,8191510270.0,1795704606.0,9039044.0,0.6570900540170352
7956370.0,104.0,611863189.0,85428596.0,27596258.0,810133159.0,1022397.0,3215134.0,2226484290.0,8115871877.0,931561710.0,99122934.0,6762651817.0,7513618361.0,2888870733.0,6550743.0,0.6296863063922932
10129638.0,95.0,776760735.0,108119018.0,34986289.0,1045501207.0,1117246.0,9520592.0,2030067878.0,8254602266.0,816268475.0,135295323.0,6970763045.0,8219273086.0,2966812739.0,6677729.0,0.6239819130419912
8162897.0,85.0,637015070.0,88610569.0,28813744.0,834143979.0,914968.0,3506392.0,1758687196.0,7166207078.0,710063335.0,118833297.0,7596150005.0,8327482991.0,3227772976.0,6505556.0,0.6232756520422188
8758607.0,88.0,683886647.0,92140528.0,28172169.0,794761646.0,978360.0,21793199.0,2221647021.0,8257199634.0,886935606.0,153579146.0,7274337878.0,7893415930.0,2894580752.0,7207576.0,0.6474981204706612
9560563.0,104.0,730214518.0,109775712.0,31004402.0,896133157.0,1593514.0,7756414.0,3861301394.0,8205031008.0,1878673539.0,7929076.0,7649769493.0,7863279545.0,2913478793.0,7373695.0,0.6530641182867848
7751981.0,77.0,588526762.0,90679715.0,26829087.0,739949423.0,1138782.0,9967267.0,2628803678.0,8310770031.0,1107801094.0,86325932.0,7316515729.0,7494954182.0,2825163207.0,8422183.0,0.6356640478510688
14799056.0,100.0,1117178017.0,135549600.0,40858608.0,1348009313.0,2065295.0,29717954.0,2212482261.0,8557091236.0,1000278347.0,167639691.0,7564839138.0,7795350168.0,3002047880.0,8947037.0,0.6781664204601512
8221026.0,85.0,629757680.0,91098436.0,25257866.0,767781831.0,1551597.0,5559730.0,326085409.0,497118627.0,178612110.0,977851.0,8854395103.0,8675533672.0,3784693964.0,4696828.0,0.6662342373447195
9742921.0,84.0,746388244.0,96165468.0,27462072.0,915077666.0,1261612.0,10910327.0,3215150835.0,8493197266.0,1581167510.0,38657888.0,7086889461.0,8384871058.0,2633938529.0,6327477.0,0.6959011256746689
9475922.0,113.0,717667235.0,91536357.0,27532540.0,799601786.0,1317626.0,6963110.0,3955597800.0,8456103070.0,1876262967.0,67014955.0,7453700250.0,8357771530.0,3233820325.0,9549543.0,0.6983877717848239
8952130.0,103.0,678587796.0,87560657.0,26479610.0,859630151.0,1092688.0,27870863.0,2814060122.0,8387740055.0,1397649833.0,38687180.0,7286437014.0,8108995611.0,3138882007.0,7912222.0,0.6652525790073016
9479922.0,114.0,716923486.0,98545859.0,30821068.0,894445828.0,1249391.0,8915881.0,3099110044.0,8471131628.0,1341866861.0,59252091.0,7111961132.0,8418163203.0,3049906511.0,9192631.0,0.6523564296487968
8963552.0,135.0,677550203.0,87982334.0,27597657.0,714600071.0,1304845.0,5215609.0,3111852744.0,8371061010.0,1330027599.0,62583726.0,6814365573.0,8272075543.0,2856725285.0,11139252.0,0.6877693415577703
18134546.0,69.0,1332162025.0,192022950.0,60649833.0,1397139858.0,1702233.0,2535050.0,3044603474.0,8381109641.0,1277330423.0,67125890.0,6090623143.0,8263513015.0,2305044965.0,9599537.0,0.6540955064218303
9388572.0,74.0,703515401.0,98014019.0,31589710.0,928421684.0,1118683.0,6349619.0,3459685763.0,9867461667.0,1439559561.0,86576004.0,1393466184.0,2431393184.0,670800467.0,7903924.0,0.6332738698533438
8926227.0,127.0,672843536.0,93702759.0,30396365.0,903011635.0,1086739.0,7404262.0,2371946039.0,7975275015.0,955883135.0,107750205.0,7720537143.0,8367001908.0,3324049225.0,6758861.0,0.6279587311246112
10546680.0,85.0,805134292.0,107765272.0,33379372.0,964551622.0,1316430.0,6756625.0,2301354057.0,8330627439.0,907826401.0,129446282.0,7722552559.0,8208085487.0,3335373871.0,6594836.0,0.6577846382742353
8703216.0,94.0,666837891.0,82723028.0,24334550.0,792299841.0,1176643.0,5508558.0,2157110143.0,7954953687.0,822891239.0,137743862.0,7153132373.0,8400162263.0,3121708346.0,7319314.0,0.703711954555945
9388455.0,63.0,709027086.0,90290003.0,27824911.0,854501228.0,1052877.0,13175779.0,4964956097.0,8041013948.0,2352452772.0,47552011.0,7842997137.0,8113732526.0,3320057033.0,4926119.0,0.6663214165389315
9652946.0,73.0,736673183.0,96698979.0,28300264.0,836519687.0,1441998.0,33466267.0,4208102379.0,7377097722.0,2031892843.0,19004682.0,6915790592.0,8238835342.0,2582097797.0,3580756.0,0.6987171733751337
7833633.0,100.0,596839680.0,89457259.0,25114247.0,730460097.0,1436794.0,3662577.0,3181846125.0,8623327564.0,1386505654.0,54475170.0,7372073681.0,7511227637.0,2945907646.0,7971923.0,0.6542910508676251
6298256.0,107.0,871381496.0,71160087.0,20860590.0,607844178.0,1563333.0,3416086.0,3140346578.0,8710730103.0,1348822043.0,62664007.0,7907608599.0,8411093513.0,3405580822.0,7383590.0,0.844053537832798
4547138.0,105.0,1269397695.0,50747845.0,16065249.0,469045668.0,1472266.0,3811371.0,2639502072.0,7534933623.0,1127713929.0,60396985.0,7208089526.0,8349772842.0,3090625413.0,8431227.0,1.0345520178530332
4844752.0,79.0,1351808412.0,53575502.0,17195944.0,498935434.0,1553892.0,3615001.0,2433541783.0,8263701684.0,1020107031.0,99774777.0,7300603163.0,8434883142.0,3146760218.0,8074073.0,1.0472408314239285
5023078.0,95.0,1399621633.0,53919010.0,17279353.0,511814009.0,1612484.0,3447637.0,2221403760.0,8228120776.0,925796232.0,110510651.0,7619599150.0,8046458187.0,3248637104.0,7938993.0,1.043780087948103
4482215.0,94.0,1571648594.0,45361021.0,15281607.0,315728166.0,1388485.0,1981001.0,2162844966.0,8229736230.0,899559296.0,115735690.0,6511283376.0,8070146993.0,2334602474.0,7037953.0,1.1568412974863516
2553693.0,95.0,1665711576.0,29697884.0,12267798.0,330154727.0,1046509.0,1836812.0,1991502058.0,8115211190.0,804360049.0,134253022.0,7692589573.0,8171940102.0,3244708889.0,10024453.0,1.2152486499945188
2418279.0,103.0,1579835673.0,27152079.0,9902796.0,288248873.0,943532.0,3277705.0,2331866542.0,8285334217.0,911117124.0,175698331.0,7892351061.0,8427465655.0,3360152055.0,7774250.0,1.2899239055739824
2673167.0,89.0,1765884322.0,30295433.0,12012516.0,350065976.0,1050762.0,10544055.0,3528153485.0,7220156543.0,1711172019.0,17756170.0,7431031398.0,8221139966.0,3165578127.0,5925792.0,1.2791468582885464
2452955.0,79.0,1596724826.0,28239785.0,11649138.0,310857859.0,1200339.0,1803823.0,2654080566.0,7478641338.0,1142852453.0,55553198.0,7895789289.0,8683198805.0,3373303566.0,8972799.0,1.2279602837710166
2343457.0,105.0,1529262904.0,26168766.0,10744596.0,245375659.0,1029311.0,2222351.0,2922029391.0,8170277625.0,1229761094.0,71901658.0,7637332163.0,8225407966.0,3293409662.0,9777576.0,1.2574818723101686
2232820.0,101.0,1467138135.0,24814100.0,10634199.0,286568175.0,793058.0,2018320.0,2285814949.0,8140813463.0,933408958.0,114836197.0,6268610768.0,8153975466.0,2270262695.0,8111574.0,1.224352030915903
2527274.0,90.0,1651020920.0,27965244.0,10561537.0,292958351.0,774087.0,2733285.0,2301676605.0,8663380760.0,905694762.0,150265448.0,10299681838.0,7904280898.0,4020749966.0,5158075.0,1.3667466025841593
2425920.0,114.0,1598317125.0,26346514.0,9897057.0,294675823.0,776754.0,5392553.0,4064723204.0,8371754594.0,1955872203.0,41078747.0,10150835402.0,7824425049.0,3975920260.0,3922779.0,1.3115701945738292
1664102.0,121.0,1555773504.0,20192377.0,9610539.0,258171312.0,844847.0,3450429.0,3715257945.0,8215475945.0,1901563163.0,41988511.0,7359146271.0,7917849284.0,3079711860.0,3435658.0,1.3130227837560033
