mcf_lock_loads,mcf_fp_uops,mcf_branch,mcf_l1_misses,mcf_l2_misses,mcf_stall_sb,mcf_branch_misp,mcf_machine_clear,bzip_instructions,bzip_cycles,bzip_loads_and_stores,bzip_cache-misses,redis_instructions,redis_cycles,redis_loads_and_stores,redis_cache-misses,mcf_ipc
53474.0,0.0,841790660.0,296836143.0,209899595.0,6014173.0,65462235.0,2114075.0,8882991273.0,10838445488.0,3811191099.0,9830209.0,1613487.0,8284671.0,739386.0,57137.0,0.24835719339024404
52150.0,8.0,832472681.0,362043546.0,301552255.0,91442864.0,41308568.0,3366529.0,11227216015.0,10853102122.0,4778207442.0,7410421.0,1609082.0,8134185.0,743938.0,49573.0,0.27556688007867103
52782.0,8.0,735186536.0,372232668.0,315506196.0,2114552229.0,33794932.0,1678975.0,8925747909.0,10835253211.0,3850313056.0,10223615.0,1602874.0,8462022.0,734188.0,60235.0,0.3916226276388445
54222.0,8.0,857635390.0,426756601.0,290770068.0,7589668.0,35883849.0,2058520.0,9009068149.0,10835832598.0,3890135242.0,14764561.0,1582947.0,8230346.0,716877.0,55797.0,0.2592317006394936
65266.0,0.0,589228709.0,180206543.0,176470218.0,2467716422.0,30305100.0,1164987.0,9617781248.0,10860992854.0,4121508830.0,12437123.0,1620024.0,8069151.0,745398.0,56153.0,0.4491037660159443
44466.0,0.0,496248827.0,189488323.0,177823498.0,1815377760.0,17000140.0,1397015.0,9535656319.0,10858891430.0,4095112677.0,9812742.0,1593247.0,8005501.0,738258.0,58465.0,0.42216856410394504
45612.0,0.0,535150232.0,252980440.0,202891620.0,3109596656.0,25625801.0,2836077.0,9632546374.0,10847588749.0,4110198716.0,12055900.0,1605960.0,8139580.0,742150.0,57969.0,0.3464664766779197
44602.0,0.0,1104705970.0,412102881.0,295887927.0,15552160.0,60790947.0,1137332.0,8156627374.0,10849781033.0,2978712600.0,11313000.0,1623579.0,8139056.0,743096.0,59195.0,0.3785596960588044
44198.0,0.0,1117124467.0,436500031.0,331641114.0,17802184.0,48315459.0,3790581.0,12067750105.0,10851111921.0,4648540740.0,5492915.0,1589342.0,8017441.0,735988.0,58344.0,0.37882810930988564
45453.0,0.0,962808595.0,408262433.0,320617537.0,16790999.0,30316859.0,3758553.0,11823983780.0,10853433792.0,4727887935.0,6675264.0,1619353.0,8059275.0,749650.0,58368.0,0.31454007613186596
43660.0,0.0,886788049.0,397977109.0,317690274.0,10067170.0,21702583.0,3753754.0,10603033889.0,10852544946.0,3523666439.0,14826019.0,1637840.0,7988400.0,746886.0,57163.0,0.27117797804113153
44124.0,0.0,748262885.0,390020102.0,340631013.0,1420777103.0,18928340.0,5851362.0,12352433176.0,10867700882.0,3962820468.0,13017439.0,1647778.0,8128389.0,756320.0,57778.0,0.28207572124138824
40958.0,0.0,661835187.0,370282958.0,349485362.0,651186753.0,10138264.0,1040122.0,11224688688.0,10861903394.0,4148877602.0,5210275.0,1591909.0,8178314.0,742458.0,57827.0,0.4776411763001807
44895.0,0.0,1048676642.0,395274979.0,256849278.0,12922281.0,72740090.0,2282111.0,11757442929.0,10849358611.0,3698854628.0,7688490.0,1573831.0,8111703.0,724846.0,58988.0,0.3628105945664404
47269.0,0.0,1033855484.0,382315347.0,271745189.0,14053633.0,64738073.0,2650004.0,11423065572.0,10846690082.0,3659879819.0,9613805.0,1587734.0,8112432.0,737865.0,58148.0,0.35305666271264324
42085.0,0.0,819069993.0,285313969.0,213392472.0,13617435.0,52826939.0,1884564.0,8380311573.0,8293350094.0,2629209919.0,10343874.0,3338123100.0,5245523669.0,1600082934.0,14411276.0,0.29929558248681254
36255.0,0.0,609951969.0,210126375.0,154588168.0,15303290.0,41836516.0,1201609.0,9097190279.0,8618004987.0,2766735070.0,9488217.0,3528269478.0,5160710970.0,1701805189.0,11346729.0,0.268822132165849
34031.0,8.0,620041626.0,217800259.0,159772103.0,11763736.0,41879266.0,1317620.0,8688455888.0,8529397750.0,2642973634.0,10318242.0,4051016637.0,5716657146.0,1929043193.0,10504665.0,0.2630486782251417
40952.0,0.0,633732160.0,211140317.0,156478093.0,11719448.0,49239112.0,961364.0,7181083201.0,7974212865.0,2972483795.0,4757612.0,7055942833.0,5572197292.0,3011033000.0,5791787.0,0.25060426458912705
34776.0,0.0,619251219.0,195722900.0,145486203.0,1295585.0,55112416.0,1190716.0,8330449215.0,8454742832.0,2705865439.0,13362803.0,7088034354.0,5040256896.0,3001670953.0,3142142.0,0.24697767980577334
39317.0,0.0,395258201.0,179691683.0,176246463.0,2854375694.0,15639183.0,1328588.0,9240347652.0,8357758007.0,2900206434.0,8462911.0,7097771816.0,5084116402.0,3019675211.0,3533910.0,0.37475688913088323
34900.0,0.0,441533134.0,245049671.0,241468494.0,2312235697.0,6605134.0,2934921.0,8296083277.0,8419953946.0,2744075564.0,11070722.0,7934028944.0,6256089820.0,3345133160.0,5434998.0,0.39738667997976856
42485.0,0.0,902002043.0,336874155.0,237459735.0,14082060.0,51518050.0,1554032.0,11483043852.0,10848381945.0,4665591660.0,8732244.0,1596819.0,8045213.0,737938.0,58941.0,0.36191222979038074
52788.0,0.0,905422349.0,362083280.0,261432739.0,17880285.0,40616398.0,2353369.0,11614752672.0,10855615326.0,4670416236.0,8269535.0,1612371.0,8125823.0,740400.0,59594.0,0.2928473883950059
52337.0,0.0,907904196.0,385413312.0,271563930.0,6052510.0,39760225.0,2768884.0,12759055207.0,10861449211.0,5161088951.0,6842250.0,1641954.0,8107488.0,750301.0,58498.0,0.2790324891315791
55094.0,0.0,667107486.0,333059621.0,326345367.0,729150950.0,9851474.0,979110.0,11400678467.0,10862589112.0,4505851775.0,10555721.0,1639084.0,8241458.0,748818.0,59731.0,0.4942008133357354
53366.0,0.0,1073326370.0,391528055.0,275422004.0,15946835.0,65697297.0,873485.0,9773393136.0,10852181115.0,3811649302.0,7789231.0,1591617.0,8123406.0,733258.0,58816.0,0.36811131745310155
54418.0,0.0,843140581.0,299456118.0,210583022.0,6920726.0,63833791.0,2673254.0,11297553750.0,10857119791.0,4624742200.0,9688163.0,1641610.0,8090401.0,754317.0,58062.0,0.2527968137780591
53562.0,0.0,850322327.0,300258935.0,209594247.0,5536839.0,66616245.0,2620130.0,11437041216.0,10856846541.0,4632656764.0,9476781.0,1630441.0,8109696.0,749052.0,57290.0,0.2521535949814096
54951.0,8.0,477354042.0,418099902.0,419002315.0,2157238390.0,15069466.0,1087270.0,12526592503.0,10864383811.0,5045898807.0,4749213.0,1608224.0,8102038.0,729430.0,58509.0,0.21678602534892066
53008.0,8.0,1040073866.0,380312569.0,269434554.0,20399953.0,54002837.0,2955037.0,9986615623.0,10856633347.0,3992839030.0,12748698.0,1596382.0,8093128.0,740337.0,58057.0,0.35156368117804454
56898.0,13.0,695319648.0,439802673.0,345140476.0,1034434805.0,8520927.0,2189156.0,13732831857.0,10890502155.0,5402382486.0,3692392.0,1618165.0,3982898.0,776212.0,9691.0,0.24361892723140138
256088.0,37.0,831111114.0,204223356.0,147480262.0,82985867.0,80534378.0,2147370.0,12060600987.0,10863715946.0,4862918682.0,11457197.0,1603512.0,8182666.0,740106.0,59108.0,0.4077278261994719
46383.0,8.0,496568300.0,135509850.0,125778908.0,2239647203.0,6999280.0,1476967.0,12018607370.0,10867651289.0,4897747390.0,11441812.0,1625161.0,7911328.0,743696.0,55837.0,0.4785283252149378
45742.0,8.0,533913229.0,271320692.0,261351305.0,1211366112.0,24652112.0,1042106.0,12218879159.0,10868391668.0,4933372535.0,11213520.0,1596490.0,8088690.0,747543.0,58521.0,0.3568235115105984
45950.0,8.0,1132339349.0,406871764.0,282764357.0,13101001.0,70441600.0,1080616.0,9304086731.0,10854698447.0,3684885657.0,9966071.0,1617634.0,8253260.0,733129.0,58632.0,0.39166254642519
47301.0,8.0,1123347048.0,434401152.0,324026772.0,14615656.0,54980035.0,1206416.0,9597262390.0,10852642149.0,4202478882.0,13406580.0,1611415.0,8097385.0,744049.0,58829.0,0.3855979824438683
45837.0,0.0,1070354434.0,433322948.0,333830379.0,15565525.0,38719499.0,2270576.0,10604378547.0,10854926990.0,4577471839.0,6587847.0,1590366.0,8068374.0,730868.0,57906.0,0.356220859697808
44164.0,8.0,918192983.0,409073131.0,323911804.0,12839450.0,25015756.0,2189965.0,10494235707.0,10855079334.0,4519651515.0,6506519.0,1618749.0,7931909.0,737728.0,56243.0,0.2855330717613636
45914.0,0.0,927084585.0,438777356.0,347394728.0,1183652.0,19582727.0,2411163.0,10389179155.0,10851191920.0,4513872620.0,7296136.0,1627561.0,7993292.0,746402.0,56388.0,0.2741662114269394
43653.0,0.0,765265640.0,148945607.0,135725999.0,1621707003.0,10048586.0,638597.0,11554700955.0,10862747739.0,5007251962.0,3227627.0,1615464.0,7777288.0,740911.0,56127.0,0.7400858773594424
44061.0,0.0,774749962.0,300595173.0,220162754.0,2150984461.0,43574440.0,1083075.0,10538023104.0,10854223074.0,4320425014.0,5917862.0,1610541.0,7947761.0,745730.0,57039.0,0.4299608126531439
44935.0,0.0,1080824696.0,410882186.0,285142994.0,11426425.0,68464906.0,2426937.0,11039194921.0,10853554950.0,4747907922.0,7617733.0,1603619.0,8221729.0,734473.0,59381.0,0.3725729896522401
46246.0,8.0,1034962235.0,373299511.0,272906291.0,12913610.0,63375512.0,2297650.0,10994251539.0,10854186466.0,4747170936.0,8082342.0,1600921.0,7997256.0,732642.0,58870.0,0.3491199908586062
44593.0,8.0,895335474.0,315830309.0,232250692.0,12261230.0,62193823.0,2126473.0,10869013917.0,10854237012.0,4689128090.0,8015886.0,1571914.0,7927197.0,727705.0,57668.0,0.2901382616848534
45115.0,0.0,851060585.0,296854642.0,217866051.0,11149934.0,61164133.0,2182412.0,10866109666.0,10854330124.0,4680108788.0,7789280.0,1619532.0,8093035.0,750713.0,57530.0,0.26432588827698283
45727.0,0.0,827665498.0,270240719.0,196501220.0,1190252.0,73636240.0,2734392.0,8381073976.0,10856576583.0,2662475262.0,4236647.0,1623045.0,7848558.0,741119.0,57355.0,0.2457175276570634
45566.0,8.0,599020030.0,260096566.0,254313639.0,2056305463.0,16607936.0,1021961.0,12198853176.0,10862827019.0,5272761040.0,5399811.0,1607673.0,7901123.0,747030.0,56607.0,0.4559839494294413
44493.0,0.0,1063888220.0,402694879.0,273250126.0,14278687.0,68998569.0,2719730.0,10876442547.0,10849146330.0,4700755761.0,10426238.0,1607704.0,8192349.0,733787.0,59500.0,0.36804578382313535
45702.0,0.0,987061461.0,384719585.0,277402872.0,15854656.0,45514033.0,3060874.0,10621858372.0,10852261999.0,4584204984.0,10817341.0,1587395.0,8110047.0,733685.0,58326.0,0.33170581092853363
44366.0,0.0,870282849.0,367017544.0,250407303.0,5025368.0,41798813.0,2849565.0,10733792616.0,10853838187.0,4634177157.0,10261674.0,1601956.0,7951366.0,734224.0,56767.0,0.26342349207195204
44022.0,0.0,613578430.0,205771205.0,198088302.0,2676727863.0,19312798.0,1185135.0,11897333530.0,10862307623.0,5130754285.0,5723031.0,1625490.0,8046418.0,748746.0,57653.0,0.5051785848739622
44839.0,0.0,1040429906.0,368670467.0,257915756.0,12832073.0,75457101.0,2631221.0,7722211796.0,10850023667.0,2372455890.0,7483579.0,1593262.0,8223681.0,740566.0,59730.0,0.3644640464903999
43967.0,0.0,858407470.0,309065799.0,225967346.0,11240672.0,57184483.0,2111734.0,9239722074.0,10852726792.0,3976390516.0,7892970.0,1595692.0,8037861.0,734132.0,59211.0,0.2694687449882904
45400.0,0.0,843795206.0,298429626.0,209926634.0,1524751.0,66040676.0,2287443.0,10009729147.0,10854949739.0,4217575758.0,8081645.0,1575987.0,7959535.0,715631.0,59272.0,0.2506702381502052
46929.0,0.0,733729803.0,393014409.0,355159772.0,898146474.0,27084868.0,3731833.0,10114576978.0,10865250655.0,4123430651.0,7377467.0,1673704.0,7389925.0,764708.0,47246.0,0.26469572338731145
44950.0,0.0,865814084.0,360645971.0,273128415.0,1905469291.0,51285323.0,1824474.0,9816775225.0,10848789071.0,4039459806.0,11157022.0,1592679.0,8296425.0,728191.0,61123.0,0.35181045708500924
45361.0,0.0,862613709.0,481994718.0,333492086.0,1578198.0,23894094.0,3659636.0,8539856320.0,10846337008.0,3521961130.0,11903867.0,1565363.0,6532743.0,755746.0,36525.0,0.25915072559401064
68329.0,0.0,616151021.0,157268429.0,151766367.0,2083798366.0,21324426.0,742032.0,10746210854.0,10866775741.0,4097162385.0,13878436.0,1629858.0,8127338.0,748317.0,57625.0,0.5250843367639488
45124.0,0.0,500838400.0,204810593.0,193464801.0,1633364780.0,20368113.0,1552833.0,9614343345.0,10863662814.0,4145016213.0,10291000.0,1625068.0,7965986.0,749863.0,55156.0,0.39263902722693245
47863.0,0.0,601294574.0,273721936.0,216357478.0,2599499152.0,36950203.0,2055848.0,9761439691.0,10851643950.0,3714043124.0,12842625.0,1593388.0,8300787.0,736093.0,58866.0,0.32081704155866286
48048.0,0.0,958730001.0,356409600.0,257731336.0,17641508.0,54529975.0,1967729.0,8171192095.0,10852089472.0,3071987641.0,11722053.0,1629549.0,8114663.0,740539.0,57939.0,0.32962827983293336
47967.0,8.0,1244752605.0,467711476.0,351734398.0,8375875.0,55772052.0,343853.0,1474146794.0,2164682722.0,847657875.0,1262161.0,1657786.0,8699637.0,753969.0,63457.0,0.4204188729379756
54413.0,8.0,932785449.0,392118286.0,307691433.0,19873242.0,31276416.0,1113376.0,9726447155.0,10840328280.0,4175782239.0,8009423.0,1617508.0,8518247.0,739971.0,61152.0,0.3056929000484671
54343.0,8.0,901786939.0,401796875.0,315141244.0,14238541.0,24000111.0,1419845.0,8991281344.0,10842088898.0,3874942857.0,8351928.0,1610319.0,8489790.0,735261.0,61709.0,0.27871450405450476
54985.0,8.0,900215822.0,443180712.0,364590746.0,8251739.0,14379635.0,3164903.0,11518292862.0,10859904471.0,4966825983.0,6148461.0,1622125.0,8030453.0,741754.0,58150.0,0.2839668426021763
53132.0,8.0,663409077.0,332166929.0,315255070.0,744643716.0,11571372.0,432413.0,9356720613.0,10853521040.0,3409395900.0,3765897.0,1598285.0,8223363.0,735895.0,58297.0,0.5167975816056058
55209.0,8.0,982903073.0,365297617.0,230791026.0,14200224.0,72845130.0,1283896.0,9286445044.0,10838570790.0,3781225782.0,10211946.0,1600937.0,8313176.0,736448.0,59496.0,0.3386999017993061
54162.0,8.0,997198401.0,373589747.0,264983053.0,16785404.0,62774635.0,1402399.0,9712971989.0,10840410275.0,4162743321.0,9093021.0,1600755.0,8388517.0,740261.0,59721.0,0.3403458758327058
53966.0,8.0,947977435.0,340604593.0,249825863.0,17723676.0,59574885.0,1824230.0,8719494920.0,10842262467.0,3731113616.0,10227852.0,1593751.0,8243350.0,731864.0,58301.0,0.3171743617090587
52178.0,8.0,844695003.0,299611898.0,219103614.0,18573077.0,59191135.0,1734741.0,9501442842.0,10840658163.0,4064134505.0,9651808.0,1602573.0,8429933.0,733275.0,59324.0,0.2782396110451735
52107.0,8.0,813237093.0,284670101.0,211281000.0,14459540.0,58484061.0,1081231.0,8339511424.0,10841907386.0,3040596872.0,9351432.0,1594516.0,8308704.0,735771.0,59370.0,0.25748937363130664
53766.0,8.0,814028515.0,265050104.0,193869132.0,5837709.0,71977870.0,2103474.0,9503120702.0,10844133695.0,4064342184.0,10920940.0,1628341.0,8515624.0,729898.0,58446.0,0.24237944821493
52227.0,8.0,572983222.0,259680588.0,251930892.0,2462999584.0,17459888.0,1700332.0,9521425932.0,10852638689.0,4057159482.0,7216895.0,1655347.0,8190242.0,753166.0,56348.0,0.43386071708197926
51788.0,8.0,998081605.0,378133966.0,255382942.0,17213704.0,67911099.0,2140887.0,9329647848.0,10841425794.0,3999227742.0,11175381.0,1606121.0,8319801.0,741087.0,59051.0,0.34440798709304515
53261.0,8.0,975268870.0,374138883.0,270497857.0,20305929.0,44890041.0,2256056.0,8135544365.0,10842077661.0,3002450095.0,16523311.0,1603461.0,8223186.0,736075.0,57758.0,0.32695028974706886
51736.0,8.0,848610646.0,352672036.0,243022179.0,11559649.0,40115724.0,1149898.0,13122185162.0,10844938838.0,5027926227.0,8436127.0,1628483.0,8437562.0,749289.0,57535.0,0.25651202854312455
52636.0,0.0,523753376.0,258150552.0,258815264.0,3345872583.0,27773205.0,1258652.0,13800938582.0,10856397969.0,5383391761.0,4999292.0,1601346.0,8099871.0,750022.0,56721.0,0.331620456378083
53979.0,0.0,748809551.0,345846689.0,277979619.0,2020989414.0,42749004.0,1285167.0,10702357831.0,10836573920.0,3484668970.0,15384857.0,1588117.0,8228737.0,736664.0,57626.0,0.35368444272811184
51681.0,0.0,872454063.0,314120874.0,235919686.0,21666472.0,49505644.0,3664397.0,10883202447.0,10844966102.0,3627242228.0,13242721.0,1586493.0,8086833.0,731296.0,58078.0,0.2889918268977119
51470.0,0.0,828380409.0,292125299.0,210300936.0,6567103.0,64281082.0,3982132.0,10601247926.0,10844376180.0,3391564163.0,14710844.0,1620646.0,8292681.0,742760.0,57968.0,0.24713606492614965
51988.0,0.0,834467484.0,293487506.0,210120568.0,6095835.0,64881183.0,2837754.0,12198496261.0,10846792759.0,3893348084.0,6808515.0,1621109.0,7435004.0,743709.0,48361.0,0.24635320195620866
52379.0,0.0,622068423.0,413625612.0,412128075.0,1382190866.0,3617443.0,848083.0,12153627769.0,10842371194.0,3904017877.0,6597817.0,1567410.0,8045880.0,726415.0,57772.0,0.42978290111988493
52679.0,0.0,846142904.0,311965119.0,209386832.0,13525759.0,56268425.0,2044511.0,10572860931.0,10844849754.0,4226157950.0,6893360.0,1621359.0,8350220.0,734925.0,58059.0,0.2598852969271327
84354.0,0.0,64133984.0,54386307.0,53826445.0,64526309.0,68322.0,222418.0,21519908688.0,10902916116.0,6721861202.0,467032.0,1598242585.0,2240804979.0,770680331.0,4428786.0,0.03616853676275543
59118.0,0.0,753538139.0,271012909.0,220433182.0,1178043505.0,79851158.0,3204060.0,11154852798.0,10867975829.0,3825912428.0,9801519.0,1632199.0,7877983.0,751933.0,56099.0,0.31935062553293614
44598.0,0.0,483382701.0,142675633.0,134248675.0,2266413515.0,10280044.0,2289578.0,11695495006.0,10862420530.0,3642332760.0,13533020.0,1621265.0,7908775.0,744498.0,56914.0,0.4573036526138864
45617.0,0.0,493066316.0,207812146.0,199673801.0,1871394505.0,15172544.0,2351933.0,11678683349.0,10857775880.0,3635255710.0,13804075.0,1601234.0,8092769.0,739289.0,58461.0,0.3811535050403269
48464.0,8.0,1049276792.0,383420616.0,270193498.0,17120799.0,61457911.0,2378386.0,11523616427.0,10851084666.0,4650775853.0,8385968.0,1617760.0,8097666.0,748693.0,57755.0,0.3599053022302275
48199.0,0.0,1095787153.0,423072996.0,318906407.0,16910336.0,51294937.0,2881811.0,11599887547.0,10853009943.0,4627445395.0,8727182.0,1601611.0,8083088.0,735799.0,59113.0,0.37496386476534443
47521.0,0.0,1043803325.0,428038303.0,328080417.0,16125176.0,35575306.0,2993632.0,11690282874.0,10853988802.0,4714445560.0,8527442.0,1625133.0,7995129.0,753241.0,56862.0,0.34390653124087
46365.0,0.0,920078288.0,410364580.0,324654148.0,11226315.0,23984501.0,2609086.0,11387028284.0,10856564976.0,4543278119.0,8673179.0,1596306.0,7983621.0,739226.0,57579.0,0.2868614072426502
45320.0,0.0,937980351.0,444825580.0,349267795.0,1029324.0,19445692.0,1056521.0,10727414272.0,10858624972.0,4242765690.0,6106769.0,1636193.0,8131885.0,751197.0,59015.0,0.2769298885956265
47209.0,0.0,716123980.0,234292830.0,220539667.0,1107500518.0,12341147.0,493595.0,12368177167.0,10864300904.0,4951818617.0,6379298.0,731035596.0,994233459.0,353348185.0,1884280.0,0.6280007757959756
34495.0,0.0,705068031.0,267044714.0,167812729.0,798715792.0,55235261.0,3193600.0,10093482755.0,9441085457.0,4121386541.0,8277601.0,1598496.0,8193862.0,744115.0,59326.0,0.3400696691683797
44732.0,0.0,1086758123.0,410050647.0,284278823.0,11742396.0,68278265.0,2420477.0,11470390352.0,10852778036.0,4673048985.0,9530045.0,1179910546.0,1686388406.0,567387935.0,3589206.0,0.37176339315062645
37498.0,0.0,771005733.0,271519335.0,201302162.0,13076721.0,46288784.0,975621.0,8900823046.0,8257756610.0,3563835503.0,8678317.0,3563440094.0,4967148149.0,1728465402.0,8663311.0,0.33897271265881324
32370.0,0.0,623557664.0,214950847.0,161148874.0,10187902.0,42282427.0,507755.0,7329600533.0,8112744509.0,2876433574.0,6358489.0,3265538892.0,5059441966.0,1588006006.0,14048257.0,0.2766795362651515
43700.0,0.0,647964704.0,226024752.0,167157860.0,13895970.0,48684062.0,320707.0,6554077561.0,7429612414.0,2617470655.0,6880001.0,4155434621.0,6604698780.0,2036170585.0,18970182.0,0.2733153827472003
35551.0,8.0,539204853.0,179202338.0,135730833.0,9604156.0,42850806.0,535646.0,8482853563.0,8021084782.0,3426847562.0,9321761.0,4167900344.0,5414235192.0,1979765467.0,5632385.0,0.24199885565447865
41750.0,8.0,655659530.0,206890400.0,152483852.0,6072013.0,58064791.0,817477.0,8700336854.0,8383166222.0,3557095217.0,9126691.0,4571912992.0,6292795138.0,2169274757.0,9993700.0,0.24425986416131276
34284.0,5.0,500809464.0,291958375.0,281306604.0,1746965356.0,12376131.0,7162919.0,9578301121.0,8114828240.0,3923837387.0,7883566.0,3769963555.0,5280415189.0,1820801291.0,9790093.0,0.26428300647376507
40542.0,8.0,539394524.0,244023696.0,237714776.0,572045221.0,11435099.0,5513524.0,9288452128.0,8175949748.0,3814651500.0,6386298.0,3915167946.0,6043757327.0,1892571966.0,17161439.0,0.5253998985028445
37171.0,8.0,822247326.0,305115074.0,213688545.0,11534088.0,50772238.0,724495.0,8408595024.0,8153490022.0,3434949712.0,9619430.0,3990201301.0,5296946359.0,1916589068.0,4787687.0,0.355617552267607
35016.0,0.0,750451439.0,280232467.0,206506694.0,12570158.0,34622202.0,404563.0,7519380649.0,8429763374.0,2920461213.0,7136274.0,3738228926.0,5359532150.0,1792381095.0,10836180.0,0.3478096443869492
42207.0,8.0,627668122.0,251980934.0,179954642.0,13309989.0,28880367.0,264659.0,7136642039.0,7994625550.0,2792890208.0,6988747.0,3315306714.0,5056186746.0,1588081872.0,13570458.0,0.26745598540098503
34957.0,0.0,660687025.0,274644130.0,188620460.0,1628330.0,31762489.0,364722.0,8070183179.0,8009020180.0,3548002072.0,6014377.0,3785809679.0,5357954184.0,1814706908.0,12870273.0,0.26236375951058843
32695.0,8.0,453570985.0,126593064.0,119234063.0,2327273509.0,13712651.0,1036728.0,8834216901.0,8164107820.0,3804418254.0,3281271.0,3807036812.0,5483852280.0,1812095289.0,12547231.0,0.5249078605781926
36199.0,0.0,421157522.0,236105434.0,226225596.0,2251586432.0,3998994.0,16347875.0,8536930123.0,8388340097.0,3730885927.0,6754730.0,4169801275.0,6285446177.0,2006303469.0,16172820.0,0.45056375324826237
43340.0,8.0,818797804.0,293196810.0,211896993.0,15170642.0,48434778.0,748202.0,8284508705.0,8141951448.0,3607381278.0,6582011.0,3705336817.0,5089730320.0,1791750898.0,7998794.0,0.35600904374039993
37845.0,8.0,626993497.0,220049201.0,159277906.0,7176452.0,46573541.0,936506.0,8120450296.0,8116242991.0,3473524636.0,5618122.0,4097705885.0,6051317843.0,1967788632.0,14440867.0,0.2453774609697054
35727.0,8.0,651346182.0,227238484.0,162520064.0,1377483.0,50629662.0,747445.0,7262092060.0,8104192697.0,2940305179.0,10131012.0,3297804016.0,5070975488.0,1575562679.0,13992473.0,0.24677094591277515
39198.0,8.0,638436734.0,226110885.0,162874106.0,3941543.0,49882131.0,252090.0,7344623741.0,8270809766.0,2798459004.0,5922383.0,3995833531.0,5853949413.0,1913485544.0,16643239.0,0.2418340179145496
32675.0,8.0,345006466.0,318263471.0,319291475.0,1102611996.0,9054848.0,7080090.0,9750380802.0,8452413614.0,4218606607.0,2497434.0,3354974494.0,5101967859.0,1604134713.0,14495999.0,0.20279901404329623
36478.0,0.0,782083669.0,281774194.0,205725848.0,11524312.0,47111778.0,960924.0,8868475278.0,8463982985.0,3832764645.0,7445342.0,3792888828.0,5726945683.0,1809816997.0,15248237.0,0.3482673707053881
33031.0,8.0,537303039.0,240577842.0,164590427.0,4786314.0,28050443.0,806470.0,8284237085.0,8195118633.0,3547873908.0,7583817.0,3202959417.0,4978062720.0,1527334262.0,13260233.0,0.25134126931259126
68425.0,14.0,168314314.0,142811443.0,138368359.0,1114477257.0,166840.0,15978218.0,14083681548.0,10859519328.0,6015262902.0,808304.0,7169751839.0,10677179962.0,3480846204.0,29653223.0,0.10039926519486247
44741.0,0.0,772056044.0,195800783.0,143003305.0,54300653.0,79050543.0,1162556.0,9178630421.0,8256832188.0,3949997233.0,6746677.0,3452761452.0,4968523434.0,1631230851.0,13988167.0,0.36840371183452403
40528.0,0.0,385647199.0,91386028.0,83481218.0,1902285603.0,4141160.0,602452.0,6378656824.0,8291437141.0,2014118246.0,5455489.0,4218817691.0,5862012262.0,1995389428.0,15372773.0,0.4851618928365545
42031.0,0.0,368658295.0,140135365.0,135135488.0,1255686197.0,13987810.0,437152.0,9851795767.0,8466499283.0,4260884760.0,5880069.0,3882813983.0,5695880090.0,1857089802.0,15906785.0,0.4024137977779734
44311.0,0.0,382229583.0,158246792.0,151767315.0,1479686558.0,11417474.0,622857.0,9319181783.0,7988938922.0,4005527700.0,8570489.0,3743442502.0,5736021140.0,1790953815.0,15520917.0,0.3957944916089828
42811.0,8.0,833221965.0,295890030.0,209676159.0,16645414.0,51753468.0,545665.0,8808840856.0,8217363423.0,3824258352.0,7738028.0,4231189679.0,5433064550.0,2036325316.0,4782639.0,0.3640100322701651
39998.0,0.0,775243704.0,288311299.0,213202105.0,16010052.0,39783942.0,685775.0,8789923280.0,8178181455.0,3797699856.0,8532320.0,3473891794.0,5238311655.0,1671400628.0,14135883.0,0.35872946328090605
33736.0,0.0,805501442.0,308126841.0,237246571.0,13242056.0,35681455.0,701269.0,8658162079.0,8138153496.0,3709893195.0,8077598.0,5546051068.0,5265333031.0,2422790082.0,7794696.0,0.35714859069586824
35778.0,8.0,781851776.0,318629697.0,246090753.0,13859163.0,27336287.0,550833.0,8507689214.0,7775950470.0,3687033269.0,7565545.0,6222194365.0,5840959788.0,2706537907.0,8655133.0,0.3357047488553891
33643.0,8.0,677683099.0,290081505.0,229328730.0,11923223.0,19934458.0,518085.0,8973431284.0,8394466700.0,3843023275.0,8399110.0,6387726492.0,6086756578.0,2797968947.0,8845840.0,0.2889566206026878
40744.0,8.0,677978137.0,314494436.0,252528136.0,9155516.0,15124721.0,474716.0,5832640632.0,8389171326.0,1794484370.0,8275001.0,5342897928.0,5016969400.0,2326299494.0,7770886.0,0.26462555037188484
41811.0,8.0,687239171.0,338646423.0,279870420.0,8328532.0,10788392.0,2796464.0,8228987611.0,8390172901.0,3523026746.0,4810579.0,6924186824.0,5252238994.0,2966180182.0,5044776.0,0.2881327066346606
45365.0,0.0,586671791.0,112533101.0,104775627.0,1315761430.0,8334770.0,409882.0,8336798029.0,8309538232.0,3379316281.0,3524882.0,7629345563.0,5916973788.0,3264193885.0,5230641.0,0.7305501750417629
42453.0,0.0,571798582.0,181044864.0,171265841.0,929570826.0,6615020.0,997732.0,8310965529.0,8178330291.0,3325438383.0,6906895.0,6213916605.0,5055967801.0,2665184865.0,4713362.0,0.6150416637111803
35731.0,8.0,799040563.0,301811858.0,198068730.0,9306218.0,54659496.0,317019.0,6404549677.0,7380435780.0,2331328977.0,4205471.0,6252845466.0,5090364590.0,2669046887.0,5063942.0,0.3669943421718202
42608.0,8.0,806254332.0,296093573.0,210803283.0,15184209.0,50836147.0,404188.0,8026881516.0,8309507083.0,3245279846.0,8380353.0,6088451068.0,5019469123.0,2602320440.0,4822476.0,0.35718727705745523
40396.0,8.0,711969921.0,253002738.0,186265835.0,16270229.0,44077721.0,807442.0,7579511898.0,8045720061.0,3046956825.0,9179308.0,6180903048.0,5045283659.0,2632621493.0,4992529.0,0.32881283664479405
44183.0,8.0,669782531.0,228817302.0,170045464.0,16134284.0,46265041.0,454334.0,7648811739.0,8272318509.0,3256605930.0,8082632.0,6088787944.0,4983315075.0,2587723298.0,5046638.0,0.2831648375824176
44302.0,0.0,661240106.0,225468660.0,165572471.0,14011991.0,47897540.0,433443.0,6802015952.0,8048519190.0,2913116466.0,8100036.0,7297481850.0,5952497806.0,3121548475.0,5631953.0,0.272388547411846
29405.0,8.0,476259677.0,161648316.0,120161658.0,6826492.0,37366347.0,78480.0,7041977787.0,8330228408.0,2641969834.0,6402858.0,6864820252.0,5280155334.0,2916933941.0,4440358.0,0.2554636312562251
41390.0,8.0,615893509.0,197435407.0,143950090.0,5515253.0,54944796.0,594924.0,6971169380.0,8329148747.0,2942229169.0,10072535.0,6944513186.0,5307373228.0,2928754722.0,3677008.0,0.24514819789041792
42588.0,8.0,371741350.0,233105427.0,229464878.0,3134098716.0,18781150.0,1005467.0,7979284615.0,8057364701.0,3071473723.0,8596807.0,6708942630.0,5056924856.0,2855398318.0,3674173.0,0.23463499206281524
32825.0,0.0,506630222.0,219278353.0,213696671.0,505965446.0,9859672.0,795430.0,8710531167.0,8217754645.0,3227704200.0,7671139.0,6780493685.0,5261369943.0,2877862646.0,4719368.0,0.5772976582994146
32629.0,0.0,680295583.0,257419775.0,179034417.0,11950880.0,42267985.0,937539.0,6814463850.0,8367874651.0,2497455961.0,9068428.0,8434973406.0,6493568765.0,3574780935.0,5055208.0,0.33055948381100175
48886.0,0.0,799168972.0,321483330.0,222580042.0,14533013.0,37343748.0,384920.0,8124508399.0,8480622891.0,3465034101.0,6421957.0,6499699466.0,5058331329.0,2763795800.0,3865885.0,0.26179958534028946
42896.0,5.0,606929440.0,291979752.0,250431180.0,509855697.0,18432960.0,2212659.0,7961056865.0,8371991129.0,3365977691.0,4497835.0,6968407352.0,5081354775.0,2956099597.0,3990849.0,0.29045504216098106
37067.0,0.0,469813644.0,277049622.0,272183215.0,504153452.0,7814132.0,975685.0,8314783659.0,8329104515.0,3556395308.0,3766668.0,7070839015.0,5256638467.0,2998812446.0,4265303.0,0.4266156018656267
36097.0,0.0,809051064.0,289990027.0,204704314.0,9524296.0,57442447.0,394909.0,7528140824.0,7751964851.0,3255291486.0,5772863.0,7044784725.0,5489380837.0,2991006768.0,3809069.0,0.3662681847838289
40548.0,0.0,673193777.0,239169019.0,178267074.0,13773381.0,41178811.0,413705.0,6741359270.0,8040162631.0,2683514016.0,10283094.0,6904431112.0,5363010364.0,2924343758.0,4408828.0,0.2967923835637108
36262.0,0.0,655153435.0,231814317.0,161990709.0,1506664.0,50052451.0,218632.0,5644496671.0,6986709058.0,2077156700.0,5407716.0,6695023478.0,5095411245.0,2831780860.0,3773700.0,0.2517697611305106
43706.0,0.0,644872613.0,225210440.0,159030659.0,6095918.0,50660666.0,415599.0,7087533668.0,8315355211.0,3015176009.0,8511160.0,6717777679.0,5155384602.0,2869934018.0,3632263.0,0.2504553857392765
36546.0,0.0,422826216.0,274677382.0,268026108.0,1965198021.0,12532637.0,973191.0,7826457020.0,7825489050.0,3356983498.0,4787304.0,7135066111.0,5205127255.0,3025277501.0,1763052.0,0.24574234704298412
41724.0,8.0,485113568.0,262481260.0,243350143.0,2107273472.0,12998129.0,2101264.0,7455760362.0,7823556224.0,3243970226.0,7618145.0,6915894821.0,5287300535.0,2934614644.0,3214142.0,0.3795366471276088
34848.0,0.0,663550045.0,241583203.0,161736604.0,9428975.0,39260820.0,534089.0,6908778469.0,8209560820.0,2977499144.0,8162431.0,6581551579.0,5039841965.0,2806277836.0,4270797.0,0.2727837103020409
39185.0,0.0,635634237.0,369803647.0,277448746.0,5867591.0,9317786.0,1605880.0,7536143715.0,8684559647.0,2754114137.0,10004178.0,15308442721.0,10821339446.0,6490511343.0,3134935.0,0.28245357012731814
184886.0,870.0,357942595.0,42632717.0,30114753.0,72074264.0,9387622.0,561615.0,7913772923.0,8244874036.0,3408934314.0,8276314.0,6900863974.0,4981859141.0,2916312484.0,3555859.0,0.6523848306693955
49001.0,8.0,488073285.0,98403814.0,91148877.0,1759532101.0,6482200.0,455341.0,7757030423.0,8015892171.0,3356508225.0,9713418.0,7112197682.0,5094393921.0,3036040190.0,2741489.0,0.6085918291421265
39149.0,0.0,376240121.0,117160825.0,112384867.0,1576234111.0,10235447.0,381967.0,6976157094.0,8098819513.0,2969543845.0,7895843.0,7165942683.0,5244187128.0,3039083557.0,3586160.0,0.4436897970363981
40301.0,8.0,398914667.0,196814395.0,188215591.0,994276241.0,16769949.0,348388.0,7359277267.0,8231535754.0,3152943985.0,9364529.0,6858496674.0,5098120894.0,2915858866.0,3800388.0,0.35927438821147983
38469.0,0.0,776992972.0,267062868.0,189126051.0,13935339.0,52157529.0,428126.0,7837412334.0,8382649434.0,3378486462.0,8761923.0,6904073164.0,5261063334.0,2954234347.0,3368388.0,0.37122859281836673
36959.0,0.0,797665190.0,301170597.0,218911959.0,12608726.0,42716737.0,252390.0,6475445698.0,8350301685.0,2317024689.0,8810947.0,6598318291.0,5055930973.0,2842429944.0,2983301.0,0.3717634522003212
43413.0,0.0,838053785.0,326768179.0,247322822.0,17209558.0,38376570.0,436283.0,10948991731.0,8313706958.0,4217018314.0,4979138.0,7044596084.0,5163441290.0,2974089730.0,3576400.0,0.3733164442545601
39694.0,0.0,778345612.0,315700217.0,243788046.0,15792689.0,27850543.0,374904.0,10591298322.0,8687219999.0,4120163827.0,6219122.0,6259399963.0,5309091870.0,2643746171.0,5511047.0,0.35474330784223373
39828.0,0.0,694608190.0,295199009.0,233123841.0,16156930.0,19769561.0,796156.0,6586112355.0,7186709595.0,2752710514.0,3987263.0,5143963168.0,5138987045.0,2114096776.0,3642431.0,0.29146795536298314
33264.0,0.0,647673072.0,289662813.0,233088679.0,7052753.0,15612609.0,898008.0,7664570776.0,7306545637.0,2483003993.0,11113164.0,4954904870.0,5191683335.0,2041177023.0,5467644.0,0.2730517087911591
41287.0,0.0,715968129.0,330730827.0,266395005.0,5567842.0,14984760.0,1171789.0,10520641131.0,9542817660.0,3417162835.0,11238666.0,1587423.0,7339839.0,724651.0,55139.0,0.26938661434675276
52105.0,0.0,728247959.0,228012367.0,213572590.0,1391361449.0,12139344.0,1347291.0,10649250305.0,10850877189.0,4275699663.0,4511411.0,1649284.0,7818837.0,757774.0,56977.0,0.6477268194395375
51368.0,0.0,1037614938.0,384804798.0,239361032.0,469128491.0,77097258.0,2376966.0,11839209680.0,10835438487.0,3697614059.0,7192325.0,1598071.0,8052706.0,754897.0,57388.0,0.36609803180609285
53742.0,0.0,1064568611.0,395287236.0,283274591.0,18116776.0,64455553.0,2363974.0,11604216163.0,10836154344.0,3697387396.0,8327290.0,1595040.0,7960661.0,735617.0,57263.0,0.3607949133436164
51141.0,0.0,1018628432.0,364022598.0,264214483.0,15789941.0,64573151.0,986558.0,11046254557.0,10839137564.0,3590134005.0,11349056.0,1625687.0,7951068.0,748613.0,57894.0,0.3407414203745371
50924.0,0.0,874756506.0,299554604.0,222065953.0,18772691.0,60256617.0,3412725.0,11072317747.0,10838609015.0,3429744965.0,11802508.0,1639436.0,7940617.0,752032.0,57301.0,0.2774514500966415
50965.0,0.0,824545800.0,280867574.0,210900693.0,14963928.0,62412501.0,2673635.0,10899256786.0,10839451891.0,3335569279.0,11804203.0,1615577.0,7886002.0,747193.0,57299.0,0.25515581314636465
50765.0,8.0,831100120.0,268200316.0,197657549.0,5435454.0,72959209.0,2494896.0,10043587042.0,10835987494.0,3194157006.0,15936910.0,1603589.0,7561923.0,744831.0,55009.0,0.2460606615830271
52666.0,8.0,643072615.0,272434254.0,259756390.0,1221271086.0,13777209.0,2025272.0,11994336344.0,10848584487.0,3727536979.0,8526656.0,1623304.0,7979095.0,745621.0,55602.0,0.5100742474639516
51242.0,8.0,1027653454.0,386389087.0,270756275.0,23554469.0,62161388.0,3381747.0,10035696840.0,10834993161.0,3695635142.0,10358284.0,1617110.0,8140574.0,736929.0,59592.0,0.34966068519624244
51996.0,8.0,1008016592.0,388195851.0,277685615.0,18951291.0,45359906.0,1925576.0,11508951136.0,10838714599.0,4599245523.0,8250430.0,1612969.0,7989596.0,748938.0,57739.0,0.3301907872663081
51810.0,8.0,896015754.0,373242360.0,252763314.0,7621711.0,43357733.0,1748314.0,11225832914.0,10836913259.0,4524659411.0,9107108.0,1641297.0,7830390.0,744766.0,57371.0,0.2671198312778226
51865.0,8.0,661663057.0,256055234.0,246298639.0,1573186333.0,12361736.0,613999.0,12448722112.0,10848878360.0,5000275234.0,5537932.0,1641349.0,8109671.0,757019.0,59156.0,0.5490275095911981
51364.0,8.0,1070693787.0,391494049.0,272856968.0,16609275.0,72011631.0,1223817.0,9781615295.0,10838174752.0,3858000100.0,6701220.0,1554591.0,7967650.0,722218.0,57298.0,0.37049194980553596
52090.0,8.0,841386752.0,299824183.0,212059158.0,10781924.0,61982862.0,637521.0,10072737877.0,10842892700.0,4022882299.0,9293899.0,1598180.0,7916349.0,749523.0,58209.0,0.2587645943053366
52985.0,8.0,854364311.0,300105431.0,209248121.0,5742437.0,66829810.0,2401562.0,11335500980.0,10842682636.0,4616634005.0,9654044.0,1626709.0,8261666.0,762230.0,58862.0,0.253197814713637
51569.0,8.0,495057589.0,336319165.0,330665906.0,3637711778.0,22398773.0,1778975.0,12161198248.0,10849160985.0,4879269089.0,4334934.0,1627931.0,7727310.0,748614.0,51904.0,0.23823285563156715
51890.0,8.0,1094256502.0,402347330.0,287335898.0,18590955.0,62556452.0,2470929.0,11171890950.0,10836566376.0,4514004170.0,10226382.0,1613866.0,8003546.0,741967.0,56825.0,0.3786167823483404
51635.0,8.0,881776911.0,525853115.0,362415745.0,5787148.0,16216795.0,2566372.0,10412139368.0,10847200194.0,4101941009.0,7929255.0,1521218.0,3067064.0,711070.0,2385.0,0.26339350545378043
307877.0,855.0,318211643.0,36274480.0,25359552.0,104423265.0,7492181.0,658280.0,11289478039.0,10850369925.0,4597495850.0,10626047.0,1649121.0,7821101.0,771833.0,59749.0,0.7159111389949574
44246.0,8.0,533553776.0,126679667.0,118050303.0,2298368994.0,6151074.0,1695367.0,12031977054.0,10860857055.0,4874273944.0,11457601.0,1634344.0,7893039.0,755905.0,58613.0,0.5297432004096901
44812.0,8.0,527110485.0,272759368.0,261005051.0,1272636417.0,26945053.0,1175072.0,11805744133.0,10860069722.0,4807676276.0,10014746.0,1638250.0,7787143.0,760236.0,58479.0,0.3385807654692145
47487.0,8.0,1026580874.0,346046155.0,246785269.0,15131017.0,73509034.0,2230600.0,11210151754.0,10846461911.0,4512142380.0,10908891.0,1628086.0,7835880.0,747496.0,58634.0,0.3609754614824666
45452.0,8.0,1074253186.0,408415813.0,298643191.0,14135920.0,55370822.0,840269.0,9497506319.0,10847935857.0,3701436183.0,9359694.0,1606429.0,7848628.0,747317.0,57302.0,0.3677556292488914
46674.0,8.0,1021341487.0,406729782.0,309947277.0,17273349.0,40989663.0,1484877.0,10477708852.0,10848502849.0,4560458075.0,6636087.0,1618698.0,7832679.0,747828.0,57925.0,0.3433323367022472
46343.0,0.0,910901376.0,391745489.0,309729350.0,14805722.0,27703745.0,1423019.0,10412009865.0,10849093110.0,4491025752.0,6290470.0,1633952.0,7852247.0,737340.0,58729.0,0.29474857197397897
45358.0,0.0,904483678.0,421337585.0,333992282.0,4471885.0,20047082.0,1600749.0,10441361320.0,10851759066.0,4480123815.0,6205204.0,1628192.0,7898050.0,734266.0,58751.0,0.2699313762119043
44252.0,0.0,498182009.0,273904651.0,262400058.0,4327048508.0,29515895.0,1403800.0,12460615101.0,10862351769.0,5324101926.0,5324594.0,1630320.0,7655494.0,760222.0,55514.0,0.2660475115610512
43677.0,0.0,742263368.0,309128305.0,299055409.0,819665080.0,9812371.0,385170.0,11353750907.0,10858578580.0,4703812629.0,10213899.0,1631266.0,7920776.0,746239.0,58628.0,0.5738645768820299
45368.0,0.0,1030483965.0,393659045.0,263436796.0,9599913.0,67114135.0,559376.0,10976361312.0,10848244998.0,4727410253.0,7244751.0,1614595.0,8010098.0,741065.0,58790.0,0.3501387955292812
45493.0,0.0,1017482215.0,376743411.0,265242726.0,11282567.0,64435965.0,1231547.0,10818689648.0,10847982576.0,4657166586.0,7880550.0,1591459.0,7631437.0,727043.0,57944.0,0.34789771710667067
44747.0,0.0,884620175.0,312858975.0,232874538.0,12311396.0,58882543.0,1250935.0,10825934072.0,10848217408.0,4666132408.0,7914945.0,1597797.0,7765804.0,735481.0,57420.0,0.2884826024688109
43994.0,0.0,828699146.0,291825185.0,212900598.0,11139921.0,60651746.0,1356074.0,10749034595.0,10849115425.0,4646395779.0,7717565.0,1618309.0,7912517.0,748114.0,58666.0,0.2663000916215654
44315.0,0.0,801385989.0,278216964.0,203946167.0,7405240.0,64467614.0,1574731.0,10796766922.0,10849136260.0,4664899617.0,7581990.0,1642609.0,7876650.0,746608.0,57760.0,0.25083335895632947
44248.0,5.0,829365964.0,316594263.0,258607948.0,2134558.0,52247497.0,3222739.0,9071134248.0,10868656252.0,2888731176.0,3073296.0,1601702.0,7665350.0,743368.0,56898.0,0.2649156513439512
44071.0,8.0,736399596.0,331959327.0,321916872.0,669625103.0,14712314.0,543239.0,12328843520.0,10855473192.0,5361107889.0,7663609.0,1614807.0,7963389.0,740308.0,59680.0,0.5451388175199202
44961.0,0.0,1033180143.0,389755029.0,276028243.0,13784766.0,58648217.0,2063200.0,11007756574.0,10847595486.0,4759220844.0,9592497.0,3542296208.0,5422244935.0,1705164666.0,14850609.0,0.35373276225438965
35396.0,0.0,693740139.0,269819632.0,197144536.0,12387310.0,30645532.0,504412.0,8953487991.0,8287558748.0,3859551955.0,7771062.0,3174616725.0,4945406737.0,1527522047.0,13589404.0,0.2927332459640842
40836.0,8.0,648454276.0,267482035.0,185617595.0,9172069.0,31114884.0,513774.0,8260682295.0,7733181497.0,3561478004.0,7522479.0,3017822128.0,4976387673.0,1473411350.0,14140536.0,0.2595977333017043
39177.0,0.0,345936902.0,216388644.0,213882624.0,2506794623.0,22104012.0,4019952.0,10752306877.0,8602413567.0,4633595770.0,5934440.0,3435924603.0,5363418415.0,1684324293.0,15525788.0,0.2321560905053833
38738.0,0.0,528054663.0,223408351.0,222620768.0,672544360.0,6782206.0,6956030.0,9273375716.0,7904122595.0,4008980289.0,5783021.0,3668689046.0,5526452055.0,1733258588.0,15187350.0,0.5528232799082471
34906.0,8.0,674848764.0,247020423.0,176261395.0,10401174.0,43735591.0,528577.0,5722531133.0,8191510270.0,1795704606.0,9039044.0,3275450855.0,4984782276.0,1549511340.0,13789798.0,0.3262751771245646
36508.0,0.0,633962137.0,223575624.0,168665132.0,12405417.0,38976342.0,338973.0,6762651817.0,7513618361.0,2888870733.0,6550743.0,3283967339.0,5215243377.0,1583577329.0,14404309.0,0.2743370427408732
34996.0,0.0,624343093.0,219279008.0,158470031.0,1627609.0,48057484.0,415536.0,6970763045.0,8219273086.0,2966812739.0,6677729.0,4139351135.0,6633767820.0,2006635056.0,18017102.0,0.24593164062691134
33579.0,0.0,545642556.0,188605501.0,136195795.0,3285216.0,42644867.0,343392.0,7596150005.0,8327482991.0,3227772976.0,6505556.0,3406565844.0,5465584662.0,1639538479.0,14768447.0,0.24541395146103256
39808.0,13.0,584187728.0,296907015.0,268593600.0,288636058.0,18986981.0,6452365.0,7274337878.0,7893415930.0,2894580752.0,7207576.0,3667121311.0,5663524256.0,1758720489.0,15025718.0,0.2690557476474354
35305.0,8.0,509456322.0,298521528.0,291384888.0,435192489.0,3096096.0,9803338.0,7649769493.0,7863279545.0,2913478793.0,7373695.0,4025395723.0,6163859888.0,1933534964.0,16002731.0,0.47060168209421593
36726.0,0.0,727080473.0,261523967.0,187449256.0,12533624.0,37626956.0,452105.0,7316515729.0,7494954182.0,2825163207.0,8422183.0,3264007915.0,5134800255.0,1568837875.0,13408032.0,0.31631288896146814
35537.0,8.0,680812662.0,397844913.0,280985782.0,1404522.0,12721927.0,1053831.0,7564839138.0,7795350168.0,3002047880.0,8947037.0,5970297142.0,8803587087.0,2850192177.0,23711327.0,0.25855541328015824
146714.0,778.0,66939930.0,3668374.0,1380766.0,33152961.0,2024141.0,366598.0,8854395103.0,8675533672.0,3784693964.0,4696828.0,3455271327.0,5186271034.0,1672061596.0,13839077.0,0.6559508964044511
63455.0,0.0,430615130.0,147625611.0,144868808.0,1970038212.0,27516008.0,4138189.0,7086889461.0,8384871058.0,2633938529.0,6327477.0,4096412432.0,5886486285.0,1977190636.0,16422990.0,0.378556005977973
36708.0,0.0,374446212.0,109237838.0,100185251.0,1779507918.0,7291256.0,708309.0,7453700250.0,8357771530.0,3233820325.0,9549543.0,3844081030.0,5504221559.0,1838275320.0,13449492.0,0.46778022538932934
35981.0,0.0,404650427.0,204754347.0,196713279.0,956715311.0,19434700.0,455540.0,7286437014.0,8108995611.0,3138882007.0,7912222.0,3608179384.0,5423773613.0,1728262555.0,15381298.0,0.33549682078219817
42300.0,0.0,805105279.0,267209766.0,190816255.0,15887118.0,61618949.0,492138.0,7111961132.0,8418163203.0,3049906511.0,9192631.0,3850607479.0,5902612903.0,1843150161.0,16156967.0,0.3658436889064947
43213.0,0.0,831882340.0,306466392.0,222438809.0,17152249.0,46244397.0,476119.0,6814365573.0,8272075543.0,2856725285.0,11139252.0,3650355716.0,5307528986.0,1750990455.0,11369377.0,0.3717393458586201
40575.0,0.0,824500483.0,312788707.0,236110456.0,17522555.0,38442444.0,386907.0,6090623143.0,8263513015.0,2305044965.0,9599537.0,7082696681.0,10828230146.0,3375113163.0,24966441.0,0.3632697344878942
41468.0,8.0,947285253.0,361984010.0,286153254.0,13066250.0,35277289.0,102802.0,1393466184.0,2431393184.0,670800467.0,7903924.0,3812253855.0,6019913400.0,1845533558.0,16922569.0,0.35061557670604526
37632.0,0.0,668289891.0,282693800.0,226389795.0,14379193.0,20476921.0,444515.0,7720537143.0,8367001908.0,3324049225.0,6758861.0,3634898500.0,5788435322.0,1756678930.0,16280671.0,0.29741244465411076
34343.0,8.0,691328886.0,307656830.0,246145979.0,7451021.0,17667417.0,583433.0,7722552559.0,8208085487.0,3335373871.0,6594836.0,4280014010.0,6506710192.0,2028015692.0,17235479.0,0.2762521879475926
37437.0,0.0,670826053.0,310023882.0,248536856.0,5156811.0,14053772.0,390021.0,7153132373.0,8400162263.0,3121708346.0,7319314.0,3533990708.0,5021927914.0,1675241053.0,13998767.0,0.27116564443676816
40521.0,0.0,480444429.0,108349357.0,100042137.0,1794092417.0,7887319.0,790810.0,7842997137.0,8113732526.0,3320057033.0,4926119.0,3783156412.0,5677674945.0,1809657618.0,15127162.0,0.6174539839263564
31018.0,8.0,495130374.0,189485552.0,181847022.0,634411586.0,6642271.0,3281049.0,6915790592.0,8238835342.0,2582097797.0,3580756.0,4024963070.0,5760503997.0,1933875052.0,13286089.0,0.5704279023511626
34967.0,0.0,848799772.0,317369897.0,197839523.0,7096570.0,60417540.0,368877.0,7372073681.0,7511227637.0,2945907646.0,7971923.0,3277840747.0,5009759407.0,1581961787.0,13357441.0,0.3689812431900795
45542.0,0.0,844338700.0,314576535.0,223242218.0,14024163.0,53580313.0,701459.0,7907608599.0,8411093513.0,3405580822.0,7383590.0,4269968595.0,5058883594.0,1931621471.0,10759610.0,0.3605147376703195
36250.0,8.0,715907090.0,257868278.0,189909128.0,13512453.0,43264279.0,685004.0,7208089526.0,8349772842.0,3090625413.0,8431227.0,5486160554.0,5302933501.0,2411963679.0,7902849.0,0.35030196735151786
41728.0,8.0,686027428.0,238074674.0,177488348.0,14705857.0,45969994.0,602432.0,7300603163.0,8434883142.0,3146760218.0,8074073.0,5919741622.0,5652703222.0,2581974261.0,8264226.0,0.294485676765386
42572.0,0.0,643431206.0,220159416.0,162881780.0,14958750.0,47746179.0,461798.0,7619599150.0,8046458187.0,3248637104.0,7938993.0,6102497973.0,5846536108.0,2669344946.0,8451144.0,0.2699770482805076
34390.0,8.0,638191489.0,219797560.0,162193829.0,9493353.0,47134244.0,240600.0,6511283376.0,8070146993.0,2334602474.0,7037953.0,6599816768.0,5705032127.0,2884424633.0,4027044.0,0.2628085403412741
40174.0,8.0,617266777.0,197925983.0,144373845.0,5256639.0,54946014.0,308587.0,7692589573.0,8171940102.0,3244708889.0,10024453.0,6899453253.0,5677400467.0,2966292440.0,5429269.0,0.24540360212116674
42205.0,0.0,630520002.0,275328151.0,238581038.0,126841513.0,29501993.0,3715588.0,7892351061.0,8427465655.0,3360152055.0,7774250.0,6549503057.0,5077433660.0,2787812591.0,4712370.0,0.28144507884973835
30323.0,0.0,437590086.0,210275475.0,206053727.0,510500418.0,10914000.0,1670307.0,7431031398.0,8221139966.0,3165578127.0,5925792.0,7298398328.0,5705676624.0,3118088073.0,5407035.0,0.48865332267907313
33752.0,0.0,698234782.0,261365850.0,177786328.0,11811411.0,47517261.0,629984.0,7895789289.0,8683198805.0,3373303566.0,8972799.0,6710731610.0,5464941903.0,2862434149.0,5113627.0,0.354888066701936
35939.0,0.0,792974652.0,298163356.0,217100256.0,13099421.0,38917834.0,773089.0,7637332163.0,8225407966.0,3293409662.0,9777576.0,6351329792.0,5050832089.0,2705980699.0,3724330.0,0.3576413832081991
34405.0,0.0,669711627.0,267692325.0,190037372.0,11466792.0,30202366.0,361893.0,6268610768.0,8153975466.0,2270262695.0,8111574.0,6115780014.0,4995115669.0,2627862367.0,5093955.0,0.2807845873620652
37726.0,0.0,714108621.0,293813737.0,199586114.0,3073236.0,34663318.0,521966.0,10299681838.0,7904280898.0,4020749966.0,5158075.0,6860838732.0,5019832293.0,2928999749.0,4626882.0,0.26567880008542993
42338.0,0.0,464925435.0,145033631.0,139772802.0,2464265568.0,16069574.0,605184.0,10150835402.0,7824425049.0,3975920260.0,3922779.0,6619679226.0,5047140636.0,2839873211.0,4562198.0,0.48552823166999776
45065.0,0.0,419850829.0,235026443.0,225824626.0,2417420924.0,3730564.0,3758391.0,7359146271.0,7917849284.0,3079711860.0,3435658.0,6477279798.0,4933105410.0,2758166284.0,4288548.0,0.45222674497162074
